 Time, xloc, ave SR, max SR
   0.00000000      -60.0000000       0.00000000       0.00000000    
   1.00000000      -60.0000000       0.00000000       0.00000000    
   2.00000000      -60.0000000       0.00000000       0.00000000    
   3.00000000      -60.0000000       0.00000000       0.00000000    
   4.00000000      -60.0000000       0.00000000       0.00000000    
   5.00000000      -60.0000000       0.00000000       0.00000000    
   6.00000000      -60.0000000       0.00000000       0.00000000    
   7.00000000      -60.0000000       0.00000000       0.00000000    
   8.00000000      -60.0000000       0.00000000       0.00000000    
   9.00000000      -60.0000000       2.29900004E-03   4.40100022E-03
   10.0000000      -60.0000000       1.95511449E-02   3.19150016E-02
   11.0000000      -60.0000000       3.00464276E-02   5.23069985E-02
   12.0000000      -60.0000000       3.89504246E-02   4.98259999E-02
   13.0000000      -60.0000000       3.96261439E-02   4.65519987E-02
   14.0000000      -60.0000000       3.76741476E-02   5.01650013E-02
   15.0000000      -60.0000000       3.85072827E-02   4.66150008E-02
   16.0000000      -60.0000000       3.05240005E-02   3.84539999E-02
   17.0000000      -60.0000000       2.88558584E-02   4.25419994E-02
   18.0000000      -60.0000000       2.72142850E-02   3.57129984E-02
   19.0000000      -60.0000000       2.93654297E-02   3.67610008E-02
   20.0000000      -60.0000000       3.21395732E-02   5.16300015E-02
   21.0000000      -60.0000000       3.57061438E-02   5.78910001E-02
   22.0000000      -60.0000000       3.44598554E-02   5.65030016E-02
   23.0000000      -60.0000000       3.04012839E-02   3.99830006E-02
   24.0000000      -60.0000000       1.07439999E-02   2.65810005E-02
   25.0000000      -60.0000000       1.22571437E-04   4.93000029E-04
   26.0000000      -60.0000000       0.00000000       0.00000000    
   27.0000000      -60.0000000       0.00000000       0.00000000    
   28.0000000      -60.0000000       0.00000000       0.00000000    
   29.0000000      -60.0000000       0.00000000       0.00000000    
   30.0000000      -60.0000000       0.00000000       0.00000000    
   31.0000000      -60.0000000       0.00000000       0.00000000    
   0.00000000      -50.0000000       0.00000000       0.00000000    
   1.00000000      -50.0000000       0.00000000       0.00000000    
   2.00000000      -50.0000000       0.00000000       0.00000000    
   3.00000000      -50.0000000       0.00000000       0.00000000    
   4.00000000      -50.0000000       0.00000000       0.00000000    
   5.00000000      -50.0000000       0.00000000       0.00000000    
   6.00000000      -50.0000000       0.00000000       0.00000000    
   7.00000000      -50.0000000       7.19571428E-04   1.27200002E-03
   8.00000000      -50.0000000       1.70801431E-02   2.35500000E-02
   9.00000000      -50.0000000       3.38572860E-02   4.67600003E-02
   10.0000000      -50.0000000       3.81899998E-02   5.03589995E-02
   11.0000000      -50.0000000       3.78432870E-02   6.68409988E-02
   12.0000000      -50.0000000       4.60265689E-02   7.22619966E-02
   13.0000000      -50.0000000       4.34311405E-02   5.61099984E-02
   14.0000000      -50.0000000       4.45797108E-02   5.59279993E-02
   15.0000000      -50.0000000       4.87845652E-02   5.97009994E-02
   16.0000000      -50.0000000       4.55125757E-02   5.69760017E-02
   17.0000000      -50.0000000       3.82914282E-02   5.45100011E-02
   18.0000000      -50.0000000       3.09064277E-02   4.28979993E-02
   19.0000000      -50.0000000       3.86595726E-02   5.39029986E-02
   20.0000000      -50.0000000       3.31114270E-02   4.38139997E-02
   21.0000000      -50.0000000       2.37358604E-02   3.38990018E-02
   22.0000000      -50.0000000       1.08657153E-02   1.92210004E-02
   23.0000000      -50.0000000       3.21857136E-04   2.25299993E-03
   24.0000000      -50.0000000       0.00000000       0.00000000    
   25.0000000      -50.0000000       0.00000000       0.00000000    
   26.0000000      -50.0000000       0.00000000       0.00000000    
   27.0000000      -50.0000000       0.00000000       0.00000000    
   28.0000000      -50.0000000       0.00000000       0.00000000    
   29.0000000      -50.0000000       0.00000000       0.00000000    
   30.0000000      -50.0000000       0.00000000       0.00000000    
   31.0000000      -50.0000000       0.00000000       0.00000000    
   0.00000000      -40.0000000       0.00000000       0.00000000    
   1.00000000      -40.0000000       0.00000000       0.00000000    
   2.00000000      -40.0000000       0.00000000       0.00000000    
   3.00000000      -40.0000000       0.00000000       0.00000000    
   4.00000000      -40.0000000       0.00000000       0.00000000    
   5.00000000      -40.0000000       0.00000000       0.00000000    
   6.00000000      -40.0000000       2.43824292E-02   3.31239998E-02
   7.00000000      -40.0000000       5.28944246E-02   6.32070005E-02
   8.00000000      -40.0000000       6.47057146E-02   7.37399980E-02
   9.00000000      -40.0000000       6.88861459E-02   7.85100013E-02
   10.0000000      -40.0000000       6.50488585E-02   7.85899982E-02
   11.0000000      -40.0000000       5.55134304E-02   7.94150010E-02
   12.0000000      -40.0000000       4.90298569E-02   8.04089978E-02
   13.0000000      -40.0000000       4.34500016E-02   5.96380010E-02
   14.0000000      -40.0000000       3.66331413E-02   4.57779989E-02
   15.0000000      -40.0000000       4.06892858E-02   5.07889986E-02
   16.0000000      -40.0000000       4.32698615E-02   6.22420013E-02
   17.0000000      -40.0000000       3.77211459E-02   5.57489991E-02
   18.0000000      -40.0000000       2.81551424E-02   3.98639999E-02
   19.0000000      -40.0000000       3.38405706E-02   5.64659983E-02
   20.0000000      -40.0000000       1.95922852E-02   2.94150002E-02
   21.0000000      -40.0000000       1.02885708E-03   7.20199989E-03
   22.0000000      -40.0000000       0.00000000       0.00000000    
   23.0000000      -40.0000000       0.00000000       0.00000000    
   24.0000000      -40.0000000       0.00000000       0.00000000    
   25.0000000      -40.0000000       0.00000000       0.00000000    
   26.0000000      -40.0000000       0.00000000       0.00000000    
   27.0000000      -40.0000000       0.00000000       0.00000000    
   28.0000000      -40.0000000       0.00000000       0.00000000    
   29.0000000      -40.0000000       0.00000000       0.00000000    
   30.0000000      -40.0000000       0.00000000       0.00000000    
   31.0000000      -40.0000000       0.00000000       0.00000000    
   0.00000000      -30.0000000       0.00000000       0.00000000    
   1.00000000      -30.0000000       0.00000000       0.00000000    
   2.00000000      -30.0000000       0.00000000       0.00000000    
   3.00000000      -30.0000000       3.68042826E-03   1.08049996E-02
   4.00000000      -30.0000000       3.92029993E-02   7.20679983E-02
   5.00000000      -30.0000000       7.35264346E-02  0.109918997    
   6.00000000      -30.0000000       7.81277195E-02  0.115654998    
   7.00000000      -30.0000000       8.39332864E-02  0.113040999    
   8.00000000      -30.0000000       8.59637186E-02  0.108636998    
   9.00000000      -30.0000000       8.42172876E-02   9.42009985E-02
   10.0000000      -30.0000000       7.76252821E-02  0.103106000    
   11.0000000      -30.0000000       7.01937154E-02   8.86529982E-02
   12.0000000      -30.0000000       5.90891428E-02   7.47610033E-02
   13.0000000      -30.0000000       4.67091464E-02   5.59710003E-02
   14.0000000      -30.0000000       3.26652862E-02   3.94629985E-02
   15.0000000      -30.0000000       2.63222847E-02   3.20170000E-02
   16.0000000      -30.0000000       2.78212875E-02   4.37409990E-02
   17.0000000      -30.0000000       3.07457168E-02   5.69330007E-02
   18.0000000      -30.0000000       1.43047133E-02   3.40109989E-02
   19.0000000      -30.0000000       1.26142870E-03   7.57799996E-03
   20.0000000      -30.0000000       0.00000000       0.00000000    
   21.0000000      -30.0000000       0.00000000       0.00000000    
   22.0000000      -30.0000000       0.00000000       0.00000000    
   23.0000000      -30.0000000       0.00000000       0.00000000    
   24.0000000      -30.0000000       0.00000000       0.00000000    
   25.0000000      -30.0000000       0.00000000       0.00000000    
   26.0000000      -30.0000000       0.00000000       0.00000000    
   27.0000000      -30.0000000       0.00000000       0.00000000    
   28.0000000      -30.0000000       0.00000000       0.00000000    
   29.0000000      -30.0000000       0.00000000       0.00000000    
   30.0000000      -30.0000000       0.00000000       0.00000000    
   31.0000000      -30.0000000       0.00000000       0.00000000    
   0.00000000      -20.0000000       0.00000000       0.00000000    
   1.00000000      -20.0000000       1.87600008E-03   3.83300008E-03
   2.00000000      -20.0000000       4.59447131E-02   8.51489976E-02
   3.00000000      -20.0000000       9.21448544E-02  0.149750993    
   4.00000000      -20.0000000      0.114747860      0.157415003    
   5.00000000      -20.0000000      0.123949282      0.154719993    
   6.00000000      -20.0000000      0.109464146      0.141625002    
   7.00000000      -20.0000000       9.34474245E-02  0.125749007    
   8.00000000      -20.0000000       8.57744291E-02  0.118611999    
   9.00000000      -20.0000000       8.00571442E-02  0.100961998    
   10.0000000      -20.0000000       7.60620013E-02  0.101796001    
   11.0000000      -20.0000000       7.19771385E-02   8.90719965E-02
   12.0000000      -20.0000000       6.05388582E-02   7.17580020E-02
   13.0000000      -20.0000000       4.50215712E-02   5.24910018E-02
   14.0000000      -20.0000000       3.59324254E-02   4.47929986E-02
   15.0000000      -20.0000000       2.69198567E-02   3.48279998E-02
   16.0000000      -20.0000000       1.07625723E-02   1.49800004E-02
   17.0000000      -20.0000000       3.66371428E-03   2.38969997E-02
   18.0000000      -20.0000000       1.00928568E-03   7.06500001E-03
   19.0000000      -20.0000000       0.00000000       0.00000000    
   20.0000000      -20.0000000       0.00000000       0.00000000    
   21.0000000      -20.0000000       0.00000000       0.00000000    
   22.0000000      -20.0000000       0.00000000       0.00000000    
   23.0000000      -20.0000000       0.00000000       0.00000000    
   24.0000000      -20.0000000       0.00000000       0.00000000    
   25.0000000      -20.0000000       0.00000000       0.00000000    
   26.0000000      -20.0000000       0.00000000       0.00000000    
   27.0000000      -20.0000000       0.00000000       0.00000000    
   28.0000000      -20.0000000       0.00000000       0.00000000    
   29.0000000      -20.0000000       0.00000000       0.00000000    
   30.0000000      -20.0000000       0.00000000       0.00000000    
   31.0000000      -20.0000000       0.00000000       0.00000000    
   0.00000000      -10.0000000       1.98534280E-02   4.42570001E-02
   1.00000000      -10.0000000       6.69234321E-02  0.110838003    
   2.00000000      -10.0000000      0.112149715      0.177138001    
   3.00000000      -10.0000000      0.141846731      0.229184002    
   4.00000000      -10.0000000      0.152769580      0.211925998    
   5.00000000      -10.0000000      0.146503851      0.173479006    
   6.00000000      -10.0000000      0.124824561      0.148517996    
   7.00000000      -10.0000000       9.76381451E-02  0.132391006    
   8.00000000      -10.0000000       7.71851465E-02  0.104961000    
   9.00000000      -10.0000000       6.59768581E-02   8.83700028E-02
   10.0000000      -10.0000000       5.98035716E-02   7.36809969E-02
   11.0000000      -10.0000000       5.62192872E-02   7.68849999E-02
   12.0000000      -10.0000000       5.19071445E-02   7.08080009E-02
   13.0000000      -10.0000000       3.45997140E-02   4.73809987E-02
   14.0000000      -10.0000000       1.94868576E-02   3.20239998E-02
   15.0000000      -10.0000000       4.04100027E-03   7.83799961E-03
   16.0000000      -10.0000000       1.58514280E-03   7.77800009E-03
   17.0000000      -10.0000000       1.54042861E-03   1.07829999E-02
   18.0000000      -10.0000000       0.00000000       0.00000000    
   19.0000000      -10.0000000       0.00000000       0.00000000    
   20.0000000      -10.0000000       0.00000000       0.00000000    
   21.0000000      -10.0000000       0.00000000       0.00000000    
   22.0000000      -10.0000000       0.00000000       0.00000000    
   23.0000000      -10.0000000       0.00000000       0.00000000    
   24.0000000      -10.0000000       0.00000000       0.00000000    
   25.0000000      -10.0000000       0.00000000       0.00000000    
   26.0000000      -10.0000000       0.00000000       0.00000000    
   27.0000000      -10.0000000       0.00000000       0.00000000    
   28.0000000      -10.0000000       0.00000000       0.00000000    
   29.0000000      -10.0000000       0.00000000       0.00000000    
   30.0000000      -10.0000000       0.00000000       0.00000000    
   31.0000000      -10.0000000       0.00000000       0.00000000    
   0.00000000       0.00000000       1.94108579E-02   4.28900011E-02
   1.00000000       0.00000000       7.56311417E-02  0.122561000    
   2.00000000       0.00000000      0.131599292      0.194038004    
   3.00000000       0.00000000      0.158957273      0.238487005    
   4.00000000       0.00000000      0.160847142      0.222185999    
   5.00000000       0.00000000      0.146434858      0.177576005    
   6.00000000       0.00000000      0.117864713      0.134761006    
   7.00000000       0.00000000       8.67739990E-02  0.107060000    
   8.00000000       0.00000000       6.27302900E-02   8.21070001E-02
   9.00000000       0.00000000       5.00034317E-02   6.75010011E-02
   10.0000000       0.00000000       4.64660004E-02   5.62409982E-02
   11.0000000       0.00000000       4.19564284E-02   6.10539988E-02
   12.0000000       0.00000000       4.11874279E-02   6.57259971E-02
   13.0000000       0.00000000       3.30511406E-02   4.29399982E-02
   14.0000000       0.00000000       1.39785707E-02   1.58459991E-02
   15.0000000       0.00000000       4.25814278E-03   1.34770004E-02
   16.0000000       0.00000000       1.99114298E-03   7.69199990E-03
   17.0000000       0.00000000       2.07528565E-03   1.45269996E-02
   18.0000000       0.00000000       0.00000000       0.00000000    
   19.0000000       0.00000000       0.00000000       0.00000000    
   20.0000000       0.00000000       0.00000000       0.00000000    
   21.0000000       0.00000000       0.00000000       0.00000000    
   22.0000000       0.00000000       0.00000000       0.00000000    
   23.0000000       0.00000000       0.00000000       0.00000000    
   24.0000000       0.00000000       0.00000000       0.00000000    
   25.0000000       0.00000000       0.00000000       0.00000000    
   26.0000000       0.00000000       0.00000000       0.00000000    
   27.0000000       0.00000000       0.00000000       0.00000000    
   28.0000000       0.00000000       0.00000000       0.00000000    
   29.0000000       0.00000000       0.00000000       0.00000000    
   30.0000000       0.00000000       0.00000000       0.00000000    
   31.0000000       0.00000000       0.00000000       0.00000000    
   0.00000000       10.0000000       1.68928578E-02   3.96930017E-02
   1.00000000       10.0000000       5.86064272E-02  0.106237002    
   2.00000000       10.0000000      0.102195285      0.151226997    
   3.00000000       10.0000000      0.126327291      0.179973006    
   4.00000000       10.0000000      0.127845719      0.181923002    
   5.00000000       10.0000000      0.113893144      0.151066005    
   6.00000000       10.0000000       9.34187174E-02  0.105008997    
   7.00000000       10.0000000       7.17304274E-02   8.48819986E-02
   8.00000000       10.0000000       5.60537167E-02   7.91630000E-02
   9.00000000       10.0000000       4.97240014E-02   7.91729987E-02
   10.0000000       10.0000000       4.41844277E-02   6.48790002E-02
   11.0000000       10.0000000       4.04874273E-02   5.78979999E-02
   12.0000000       10.0000000       4.23275754E-02   5.76350018E-02
   13.0000000       10.0000000       3.21494266E-02   4.12760004E-02
   14.0000000       10.0000000       1.65942851E-02   3.13189998E-02
   15.0000000       10.0000000       1.04451431E-02   3.62159982E-02
   16.0000000       10.0000000       5.88800013E-03   2.16639992E-02
   17.0000000       10.0000000       2.49357149E-03   1.74550004E-02
   18.0000000       10.0000000       0.00000000       0.00000000    
   19.0000000       10.0000000       0.00000000       0.00000000    
   20.0000000       10.0000000       0.00000000       0.00000000    
   21.0000000       10.0000000       0.00000000       0.00000000    
   22.0000000       10.0000000       0.00000000       0.00000000    
   23.0000000       10.0000000       0.00000000       0.00000000    
   24.0000000       10.0000000       0.00000000       0.00000000    
   25.0000000       10.0000000       0.00000000       0.00000000    
   26.0000000       10.0000000       0.00000000       0.00000000    
   27.0000000       10.0000000       0.00000000       0.00000000    
   28.0000000       10.0000000       0.00000000       0.00000000    
   29.0000000       10.0000000       0.00000000       0.00000000    
   30.0000000       10.0000000       0.00000000       0.00000000    
   31.0000000       10.0000000       0.00000000       0.00000000    
   0.00000000       20.0000000       0.00000000       0.00000000    
   1.00000000       20.0000000       1.69242860E-03   2.96900002E-03
   2.00000000       20.0000000       3.88798527E-02   6.25139996E-02
   3.00000000       20.0000000       7.00781420E-02   9.54720005E-02
   4.00000000       20.0000000       7.39271417E-02  0.108690999    
   5.00000000       20.0000000       6.43384308E-02  0.104700997    
   6.00000000       20.0000000       6.18092827E-02   9.34989974E-02
   7.00000000       20.0000000       6.48084283E-02  0.100849003    
   8.00000000       20.0000000       6.49248585E-02   9.85829979E-02
   9.00000000       20.0000000       7.05908611E-02  0.121774003    
   10.0000000       20.0000000       6.61199987E-02  0.105825000    
   11.0000000       20.0000000       5.94305731E-02   9.15419981E-02
   12.0000000       20.0000000       5.15115745E-02   8.40409994E-02
   13.0000000       20.0000000       4.26225699E-02   5.41479997E-02
   14.0000000       20.0000000       3.49854268E-02   5.56840003E-02
   15.0000000       20.0000000       3.22818570E-02   5.42160012E-02
   16.0000000       20.0000000       1.20725716E-02   1.60900000E-02
   17.0000000       20.0000000       4.11442854E-03   2.74609998E-02
   18.0000000       20.0000000       1.42942858E-03   1.00060003E-02
   19.0000000       20.0000000       0.00000000       0.00000000    
   20.0000000       20.0000000       0.00000000       0.00000000    
   21.0000000       20.0000000       0.00000000       0.00000000    
   22.0000000       20.0000000       0.00000000       0.00000000    
   23.0000000       20.0000000       0.00000000       0.00000000    
   24.0000000       20.0000000       0.00000000       0.00000000    
   25.0000000       20.0000000       0.00000000       0.00000000    
   26.0000000       20.0000000       0.00000000       0.00000000    
   27.0000000       20.0000000       0.00000000       0.00000000    
   28.0000000       20.0000000       0.00000000       0.00000000    
   29.0000000       20.0000000       0.00000000       0.00000000    
   30.0000000       20.0000000       0.00000000       0.00000000    
   31.0000000       20.0000000       0.00000000       0.00000000    
   0.00000000       30.0000000       0.00000000       0.00000000    
   1.00000000       30.0000000       0.00000000       0.00000000    
   2.00000000       30.0000000       0.00000000       0.00000000    
   3.00000000       30.0000000       2.14028568E-03   5.53900003E-03
   4.00000000       30.0000000       2.21984275E-02   4.02580015E-02
   5.00000000       30.0000000       4.35599983E-02   6.59400001E-02
   6.00000000       30.0000000       5.59972860E-02  0.105526999    
   7.00000000       30.0000000       6.83937147E-02  0.124766998    
   8.00000000       30.0000000       7.74722844E-02  0.125573993    
   9.00000000       30.0000000       8.62904266E-02  0.139932007    
   10.0000000       30.0000000       8.67072865E-02  0.136052996    
   11.0000000       30.0000000       7.99568519E-02  0.116820998    
   12.0000000       30.0000000       6.55795708E-02   9.40119997E-02
   13.0000000       30.0000000       5.34345768E-02   6.67060018E-02
   14.0000000       30.0000000       4.46731411E-02   6.14660010E-02
   15.0000000       30.0000000       4.95865680E-02   6.33879974E-02
   16.0000000       30.0000000       5.10019958E-02   6.87019974E-02
   17.0000000       30.0000000       4.09029983E-02   5.80249988E-02
   18.0000000       30.0000000       1.67284291E-02   3.88870016E-02
   19.0000000       30.0000000       7.73285632E-04   3.89000005E-03
   20.0000000       30.0000000       0.00000000       0.00000000    
   21.0000000       30.0000000       0.00000000       0.00000000    
   22.0000000       30.0000000       0.00000000       0.00000000    
   23.0000000       30.0000000       0.00000000       0.00000000    
   24.0000000       30.0000000       0.00000000       0.00000000    
   25.0000000       30.0000000       0.00000000       0.00000000    
   26.0000000       30.0000000       0.00000000       0.00000000    
   27.0000000       30.0000000       0.00000000       0.00000000    
   28.0000000       30.0000000       0.00000000       0.00000000    
   29.0000000       30.0000000       0.00000000       0.00000000    
   30.0000000       30.0000000       0.00000000       0.00000000    
   31.0000000       30.0000000       0.00000000       0.00000000    
   0.00000000       40.0000000       0.00000000       0.00000000    
   1.00000000       40.0000000       0.00000000       0.00000000    
   2.00000000       40.0000000       0.00000000       0.00000000    
   3.00000000       40.0000000       0.00000000       0.00000000    
   4.00000000       40.0000000       0.00000000       0.00000000    
   5.00000000       40.0000000       0.00000000       0.00000000    
   6.00000000       40.0000000       3.07035726E-02   5.42489998E-02
   7.00000000       40.0000000       6.62841424E-02  0.101345003    
   8.00000000       40.0000000       7.55298585E-02  0.117215998    
   9.00000000       40.0000000       8.33370015E-02  0.121806003    
   10.0000000       40.0000000       8.92834291E-02  0.136898994    
   11.0000000       40.0000000       8.33224282E-02  0.115814999    
   12.0000000       40.0000000       6.99264333E-02   8.46659988E-02
   13.0000000       40.0000000       6.00145720E-02   7.08749965E-02
   14.0000000       40.0000000       5.53457141E-02   6.63859993E-02
   15.0000000       40.0000000       6.13607131E-02   8.83530006E-02
   16.0000000       40.0000000       6.35521412E-02   8.95880014E-02
   17.0000000       40.0000000       5.25919981E-02   8.11579973E-02
   18.0000000       40.0000000       3.89638543E-02   6.58809990E-02
   19.0000000       40.0000000       3.42268571E-02   4.24589999E-02
   20.0000000       40.0000000       1.93745699E-02   2.43400000E-02
   21.0000000       40.0000000       5.39142871E-04   3.77400010E-03
   22.0000000       40.0000000       0.00000000       0.00000000    
   23.0000000       40.0000000       0.00000000       0.00000000    
   24.0000000       40.0000000       0.00000000       0.00000000    
   25.0000000       40.0000000       0.00000000       0.00000000    
   26.0000000       40.0000000       0.00000000       0.00000000    
   27.0000000       40.0000000       0.00000000       0.00000000    
   28.0000000       40.0000000       0.00000000       0.00000000    
   29.0000000       40.0000000       0.00000000       0.00000000    
   30.0000000       40.0000000       0.00000000       0.00000000    
   31.0000000       40.0000000       0.00000000       0.00000000    
   0.00000000       50.0000000       0.00000000       0.00000000    
   1.00000000       50.0000000       0.00000000       0.00000000    
   2.00000000       50.0000000       0.00000000       0.00000000    
   3.00000000       50.0000000       0.00000000       0.00000000    
   4.00000000       50.0000000       0.00000000       0.00000000    
   5.00000000       50.0000000       0.00000000       0.00000000    
   6.00000000       50.0000000       0.00000000       0.00000000    
   7.00000000       50.0000000       1.34971424E-03   2.69200001E-03
   8.00000000       50.0000000       3.07547152E-02   4.81630005E-02
   9.00000000       50.0000000       5.28065749E-02   6.66619986E-02
   10.0000000       50.0000000       6.36045709E-02   8.59220028E-02
   11.0000000       50.0000000       6.49278536E-02   7.83609971E-02
   12.0000000       50.0000000       6.02508560E-02   7.53849968E-02
   13.0000000       50.0000000       5.84434271E-02   7.01590031E-02
   14.0000000       50.0000000       6.64992854E-02   8.43190029E-02
   15.0000000       50.0000000       7.43117183E-02  0.117136002    
   16.0000000       50.0000000       7.76975751E-02  0.130330995    
   17.0000000       50.0000000       6.70065731E-02  0.105184004    
   18.0000000       50.0000000       5.86917140E-02   8.86169970E-02
   19.0000000       50.0000000       5.36064282E-02   8.05199966E-02
   20.0000000       50.0000000       4.85271439E-02   5.81390001E-02
   21.0000000       50.0000000       4.12421450E-02   5.05589992E-02
   22.0000000       50.0000000       1.76352840E-02   3.01890001E-02
   23.0000000       50.0000000       3.31285701E-04   2.31899996E-03
   24.0000000       50.0000000       0.00000000       0.00000000    
   25.0000000       50.0000000       0.00000000       0.00000000    
   26.0000000       50.0000000       0.00000000       0.00000000    
   27.0000000       50.0000000       0.00000000       0.00000000    
   28.0000000       50.0000000       0.00000000       0.00000000    
   29.0000000       50.0000000       0.00000000       0.00000000    
   30.0000000       50.0000000       0.00000000       0.00000000    
   31.0000000       50.0000000       0.00000000       0.00000000    
   0.00000000       60.0000000       0.00000000       0.00000000    
   1.00000000       60.0000000       0.00000000       0.00000000    
   2.00000000       60.0000000       0.00000000       0.00000000    
   3.00000000       60.0000000       0.00000000       0.00000000    
   4.00000000       60.0000000       0.00000000       0.00000000    
   5.00000000       60.0000000       0.00000000       0.00000000    
   6.00000000       60.0000000       0.00000000       0.00000000    
   7.00000000       60.0000000       0.00000000       0.00000000    
   8.00000000       60.0000000       0.00000000       0.00000000    
   9.00000000       60.0000000       2.78742844E-03   6.88500004E-03
   10.0000000       60.0000000       2.17145700E-02   3.65290008E-02
   11.0000000       60.0000000       3.82368565E-02   5.19689992E-02
   12.0000000       60.0000000       4.56648543E-02   5.95519990E-02
   13.0000000       60.0000000       5.61872832E-02   8.52589980E-02
   14.0000000       60.0000000       7.28487149E-02  0.109035999    
   15.0000000       60.0000000       8.81398544E-02  0.139759004    
   16.0000000       60.0000000       9.31618586E-02  0.148430005    
   17.0000000       60.0000000       8.82362798E-02  0.133165002    
   18.0000000       60.0000000       8.25279951E-02  0.128426999    
   19.0000000       60.0000000       7.79118538E-02  0.120748997    
   20.0000000       60.0000000       7.63654336E-02  0.102263004    
   21.0000000       60.0000000       6.58267140E-02   8.95889997E-02
   22.0000000       60.0000000       4.96500023E-02   6.11220002E-02
   23.0000000       60.0000000       3.34359966E-02   4.31590006E-02
   24.0000000       60.0000000       1.21898567E-02   3.07359993E-02
   25.0000000       60.0000000       1.59142859E-04   6.02999993E-04
   26.0000000       60.0000000       0.00000000       0.00000000    
   27.0000000       60.0000000       0.00000000       0.00000000    
   28.0000000       60.0000000       0.00000000       0.00000000    
   29.0000000       60.0000000       0.00000000       0.00000000    
   30.0000000       60.0000000       0.00000000       0.00000000    
   31.0000000       60.0000000       0.00000000       0.00000000    
   0.00000000       70.0000000       0.00000000       0.00000000    
   1.00000000       70.0000000       0.00000000       0.00000000    
   2.00000000       70.0000000       0.00000000       0.00000000    
   3.00000000       70.0000000       0.00000000       0.00000000    
   4.00000000       70.0000000       0.00000000       0.00000000    
   5.00000000       70.0000000       0.00000000       0.00000000    
   6.00000000       70.0000000       0.00000000       0.00000000    
   7.00000000       70.0000000       0.00000000       0.00000000    
   8.00000000       70.0000000       0.00000000       0.00000000    
   9.00000000       70.0000000       0.00000000       0.00000000    
   10.0000000       70.0000000       0.00000000       0.00000000    
   11.0000000       70.0000000       0.00000000       0.00000000    
   12.0000000       70.0000000       2.37494279E-02   6.23539984E-02
   13.0000000       70.0000000       4.78372835E-02  0.103643999    
   14.0000000       70.0000000       6.90191388E-02  0.117144004    
   15.0000000       70.0000000       8.76125693E-02  0.133855999    
   16.0000000       70.0000000       9.62420031E-02  0.140622005    
   17.0000000       70.0000000       9.69527140E-02  0.143858999    
   18.0000000       70.0000000       9.51122865E-02  0.152000993    
   19.0000000       70.0000000       9.19059962E-02  0.140423000    
   20.0000000       70.0000000       8.83885697E-02  0.124766998    
   21.0000000       70.0000000       8.01827163E-02  0.107762001    
   22.0000000       70.0000000       6.48508593E-02   7.78120011E-02
   23.0000000       70.0000000       5.38604259E-02   6.13100007E-02
   24.0000000       70.0000000       4.72937152E-02   5.44480011E-02
   25.0000000       70.0000000       3.18048559E-02   3.73479985E-02
   26.0000000       70.0000000       1.35517148E-02   2.09090002E-02
   27.0000000       70.0000000       0.00000000       0.00000000    
   28.0000000       70.0000000       0.00000000       0.00000000    
   29.0000000       70.0000000       0.00000000       0.00000000    
   30.0000000       70.0000000       0.00000000       0.00000000    
   31.0000000       70.0000000       0.00000000       0.00000000    
   0.00000000       80.0000000       0.00000000       0.00000000    
   1.00000000       80.0000000       0.00000000       0.00000000    
   2.00000000       80.0000000       0.00000000       0.00000000    
   3.00000000       80.0000000       0.00000000       0.00000000    
   4.00000000       80.0000000       0.00000000       0.00000000    
   5.00000000       80.0000000       0.00000000       0.00000000    
   6.00000000       80.0000000       0.00000000       0.00000000    
   7.00000000       80.0000000       0.00000000       0.00000000    
   8.00000000       80.0000000       0.00000000       0.00000000    
   9.00000000       80.0000000       0.00000000       0.00000000    
   10.0000000       80.0000000       0.00000000       0.00000000    
   11.0000000       80.0000000       0.00000000       0.00000000    
   12.0000000       80.0000000       0.00000000       0.00000000    
   13.0000000       80.0000000       1.62257149E-03   2.59900000E-03
   14.0000000       80.0000000       3.60765718E-02   5.18530011E-02
   15.0000000       80.0000000       6.37649968E-02   8.09530020E-02
   16.0000000       80.0000000       7.22310022E-02  0.107970998    
   17.0000000       80.0000000       8.28782916E-02  0.127957001    
   18.0000000       80.0000000       9.02502909E-02  0.144714996    
   19.0000000       80.0000000       9.05987099E-02  0.138990998    
   20.0000000       80.0000000       8.59532878E-02  0.119654000    
   21.0000000       80.0000000       8.04485679E-02  0.104861997    
   22.0000000       80.0000000       7.22537190E-02   8.71270001E-02
   23.0000000       80.0000000       6.36617169E-02   7.16150030E-02
   24.0000000       80.0000000       5.48842885E-02   6.35389984E-02
   25.0000000       80.0000000       4.38537113E-02   6.11260012E-02
   26.0000000       80.0000000       4.29155715E-02   5.39470017E-02
   27.0000000       80.0000000       3.69491465E-02   4.93469983E-02
   28.0000000       80.0000000       1.79379992E-02   4.92729992E-02
   29.0000000       80.0000000       7.79714319E-04   5.45800012E-03
   30.0000000       80.0000000       0.00000000       0.00000000    
   31.0000000       80.0000000       0.00000000       0.00000000    
   0.00000000       90.0000000       0.00000000       0.00000000    
   1.00000000       90.0000000       0.00000000       0.00000000    
   2.00000000       90.0000000       0.00000000       0.00000000    
   3.00000000       90.0000000       0.00000000       0.00000000    
   4.00000000       90.0000000       0.00000000       0.00000000    
   5.00000000       90.0000000       0.00000000       0.00000000    
   6.00000000       90.0000000       0.00000000       0.00000000    
   7.00000000       90.0000000       0.00000000       0.00000000    
   8.00000000       90.0000000       0.00000000       0.00000000    
   9.00000000       90.0000000       0.00000000       0.00000000    
   10.0000000       90.0000000       0.00000000       0.00000000    
   11.0000000       90.0000000       0.00000000       0.00000000    
   12.0000000       90.0000000       0.00000000       0.00000000    
   13.0000000       90.0000000       0.00000000       0.00000000    
   14.0000000       90.0000000       0.00000000       0.00000000    
   15.0000000       90.0000000       3.69871431E-03   7.18400022E-03
   16.0000000       90.0000000       2.96911448E-02   5.43019995E-02
   17.0000000       90.0000000       4.71265726E-02   7.99140036E-02
   18.0000000       90.0000000       6.50237128E-02  0.101425998    
   19.0000000       90.0000000       7.16721416E-02  0.109376997    
   20.0000000       90.0000000       7.65225738E-02  0.105366997    
   21.0000000       90.0000000       7.45859966E-02   9.80470031E-02
   22.0000000       90.0000000       6.72980025E-02   7.93170035E-02
   23.0000000       90.0000000       5.40564284E-02   6.45890012E-02
   24.0000000       90.0000000       4.71852832E-02   6.17120005E-02
   25.0000000       90.0000000       4.73247133E-02   6.98790029E-02
   26.0000000       90.0000000       5.01038544E-02   6.17280006E-02
   27.0000000       90.0000000       4.61539961E-02   5.75789995E-02
   28.0000000       90.0000000       4.11544256E-02   5.95409982E-02
   29.0000000       90.0000000       3.36757116E-02   5.52409999E-02
   30.0000000       90.0000000       7.26685720E-03   1.17009999E-02
   31.0000000       90.0000000       0.00000000       0.00000000    
   0.00000000       100.000000       0.00000000       0.00000000    
   1.00000000       100.000000       0.00000000       0.00000000    
   2.00000000       100.000000       0.00000000       0.00000000    
   3.00000000       100.000000       0.00000000       0.00000000    
   4.00000000       100.000000       0.00000000       0.00000000    
   5.00000000       100.000000       0.00000000       0.00000000    
   6.00000000       100.000000       0.00000000       0.00000000    
   7.00000000       100.000000       0.00000000       0.00000000    
   8.00000000       100.000000       0.00000000       0.00000000    
   9.00000000       100.000000       0.00000000       0.00000000    
   10.0000000       100.000000       0.00000000       0.00000000    
   11.0000000       100.000000       0.00000000       0.00000000    
   12.0000000       100.000000       0.00000000       0.00000000    
   13.0000000       100.000000       0.00000000       0.00000000    
   14.0000000       100.000000       0.00000000       0.00000000    
   15.0000000       100.000000       0.00000000       0.00000000    
   16.0000000       100.000000       0.00000000       0.00000000    
   17.0000000       100.000000       0.00000000       0.00000000    
   18.0000000       100.000000       2.18914282E-02   2.74810009E-02
   19.0000000       100.000000       4.23101448E-02   6.95659965E-02
   20.0000000       100.000000       5.31107150E-02   7.43810013E-02
   21.0000000       100.000000       5.22568561E-02   6.68919981E-02
   22.0000000       100.000000       4.57214341E-02   5.72240017E-02
   23.0000000       100.000000       3.26364264E-02   3.68800014E-02
   24.0000000       100.000000       3.24204303E-02   4.44709994E-02
   25.0000000       100.000000       3.58514264E-02   4.56119999E-02
   26.0000000       100.000000       4.13042866E-02   5.00609986E-02
   27.0000000       100.000000       4.50205728E-02   6.05509989E-02
   28.0000000       100.000000       5.17052822E-02   7.20689967E-02
   29.0000000       100.000000       4.37874272E-02   6.02370016E-02
   30.0000000       100.000000       8.61428585E-03   1.16720004E-02
   31.0000000       100.000000       0.00000000       0.00000000    
