 Time, yloc, ave SR, max SR
   0.00000000      -20.0000000       0.00000000       0.00000000    
   1.00000000      -20.0000000       0.00000000       0.00000000    
   2.00000000      -20.0000000       0.00000000       0.00000000    
   3.00000000      -20.0000000       1.19251432E-02   3.22819985E-02
   4.00000000      -20.0000000       3.01875733E-02   5.65260015E-02
   5.00000000      -20.0000000       5.35685681E-02   8.22210014E-02
   6.00000000      -20.0000000       5.36725745E-02   6.90630004E-02
   7.00000000      -20.0000000       5.41098602E-02   6.06009997E-02
   8.00000000      -20.0000000       5.14317118E-02   5.17509989E-02
   9.00000000      -20.0000000       4.64444272E-02   5.14740013E-02
   10.0000000      -20.0000000       4.81735766E-02   4.03730012E-02
   11.0000000      -20.0000000       4.64757122E-02   3.24070007E-02
   12.0000000      -20.0000000       6.15282878E-02   4.84290011E-02
   13.0000000      -20.0000000       5.88831380E-02   3.71199995E-02
   14.0000000      -20.0000000       4.46307100E-02   3.03310007E-02
   15.0000000      -20.0000000       5.71757145E-02   4.46680002E-02
   16.0000000      -20.0000000       5.33054247E-02   4.61939983E-02
   17.0000000      -20.0000000       5.47227152E-02   3.62580009E-02
   18.0000000      -20.0000000       4.48859967E-02   3.69729996E-02
   19.0000000      -20.0000000       3.91451456E-02   3.44169997E-02
   20.0000000      -20.0000000       4.25348580E-02   4.11389992E-02
   21.0000000      -20.0000000       3.26725692E-02   3.45119983E-02
   22.0000000      -20.0000000       3.46368589E-02   4.06999998E-02
   23.0000000      -20.0000000       3.09954286E-02   4.63550016E-02
   24.0000000      -20.0000000       2.40987148E-02   3.89700010E-02
   25.0000000      -20.0000000       1.44358566E-02   3.13519984E-02
   26.0000000      -20.0000000       1.68091413E-02   3.69039997E-02
   27.0000000      -20.0000000       1.50254285E-02   3.96509990E-02
   28.0000000      -20.0000000       2.13429984E-02   5.64480014E-02
   29.0000000      -20.0000000       1.27044292E-02   4.25879993E-02
   30.0000000      -20.0000000       2.37257150E-03   8.95499997E-03
   31.0000000      -20.0000000       0.00000000       0.00000000    
   0.00000000      -15.0000000       0.00000000       0.00000000    
   1.00000000      -15.0000000       8.69857147E-04   2.63100001E-03
   2.00000000      -15.0000000       2.23527141E-02   5.46219982E-02
   3.00000000      -15.0000000       4.67897132E-02   8.06879997E-02
   4.00000000      -15.0000000       6.84610009E-02  0.114674002    
   5.00000000      -15.0000000       8.40187147E-02  0.126642004    
   6.00000000      -15.0000000       8.35107118E-02  0.111642003    
   7.00000000      -15.0000000       7.77502805E-02   7.71029964E-02
   8.00000000      -15.0000000       7.72108585E-02   7.96630010E-02
   9.00000000      -15.0000000       7.82030076E-02   7.91260004E-02
   10.0000000      -15.0000000       7.69305676E-02   5.96630014E-02
   11.0000000      -15.0000000       8.41717124E-02   7.25900009E-02
   12.0000000      -15.0000000       8.94802809E-02   6.16989993E-02
   13.0000000      -15.0000000       8.44512805E-02   5.51940016E-02
   14.0000000      -15.0000000       7.53889903E-02   4.80500013E-02
   15.0000000      -15.0000000       7.74395689E-02   5.97009994E-02
   16.0000000      -15.0000000       7.37144276E-02   6.22420013E-02
   17.0000000      -15.0000000       7.04232901E-02   5.69330007E-02
   18.0000000      -15.0000000       5.68650030E-02   6.04199991E-02
   19.0000000      -15.0000000       6.39014319E-02   5.64659983E-02
   20.0000000      -15.0000000       5.93734346E-02   5.36979996E-02
   21.0000000      -15.0000000       5.46428561E-02   5.78910001E-02
   22.0000000      -15.0000000       5.20354323E-02   6.94790035E-02
   23.0000000      -15.0000000       4.06061448E-02   6.12669997E-02
   24.0000000      -15.0000000       3.35852839E-02   5.44480011E-02
   25.0000000      -15.0000000       2.06598546E-02   4.01029997E-02
   26.0000000      -15.0000000       1.97864287E-02   4.40009981E-02
   27.0000000      -15.0000000       2.36722846E-02   5.90899996E-02
   28.0000000      -15.0000000       2.08648574E-02   7.20689967E-02
   29.0000000      -15.0000000       1.64968576E-02   6.02370016E-02
   30.0000000      -15.0000000       2.89642857E-03   1.17009999E-02
   31.0000000      -15.0000000       0.00000000       0.00000000    
   0.00000000      -10.0000000       3.39671434E-03   8.95399973E-03
   1.00000000      -10.0000000       3.05214282E-02   8.13930035E-02
   2.00000000      -10.0000000       5.95040023E-02  0.121743999    
   3.00000000      -10.0000000       7.65272900E-02  0.137807995    
   4.00000000      -10.0000000       8.75618607E-02  0.147710994    
   5.00000000      -10.0000000       9.71772820E-02  0.156811997    
   6.00000000      -10.0000000       9.95914340E-02  0.132864997    
   7.00000000      -10.0000000       8.87587219E-02   9.00340006E-02
   8.00000000      -10.0000000       8.50288644E-02   8.18360001E-02
   9.00000000      -10.0000000       9.75074247E-02   8.79470035E-02
   10.0000000      -10.0000000      0.103105426       9.10869986E-02
   11.0000000      -10.0000000      0.104035139       8.70430022E-02
   12.0000000      -10.0000000      0.105603859       7.53849968E-02
   13.0000000      -10.0000000       8.80784243E-02   6.36439994E-02
   14.0000000      -10.0000000       9.07297134E-02   7.00260028E-02
   15.0000000      -10.0000000       8.47091526E-02   7.12739974E-02
   16.0000000      -10.0000000       8.44625756E-02   7.56760016E-02
   17.0000000      -10.0000000       8.27978626E-02   7.89109990E-02
   18.0000000      -10.0000000       7.46388584E-02   7.74480030E-02
   19.0000000      -10.0000000       7.44415671E-02   8.40649977E-02
   20.0000000      -10.0000000       7.16062859E-02   7.52300024E-02
   21.0000000      -10.0000000       6.44014329E-02   7.96229988E-02
   22.0000000      -10.0000000       5.76722845E-02   7.58010000E-02
   23.0000000      -10.0000000       4.03644256E-02   6.28620014E-02
   24.0000000      -10.0000000       2.59360019E-02   5.14420010E-02
   25.0000000      -10.0000000       2.17344295E-02   4.18669991E-02
   26.0000000      -10.0000000       2.12738551E-02   4.94170003E-02
   27.0000000      -10.0000000       2.28581429E-02   6.05509989E-02
   28.0000000      -10.0000000       2.04941425E-02   7.08839968E-02
   29.0000000      -10.0000000       1.28248567E-02   5.42210005E-02
   30.0000000      -10.0000000       2.59085721E-03   1.16720004E-02
   31.0000000      -10.0000000       0.00000000       0.00000000    
   0.00000000      -5.00000000       1.50024295E-02   3.73210013E-02
   1.00000000      -5.00000000       4.61319983E-02  0.115185998    
   2.00000000      -5.00000000       7.83690065E-02  0.167153001    
   3.00000000      -5.00000000      0.100520000      0.181632996    
   4.00000000      -5.00000000      0.108763568      0.178590000    
   5.00000000      -5.00000000      0.101988152      0.156926006    
   6.00000000      -5.00000000      0.102520578      0.141234994    
   7.00000000      -5.00000000       9.91957188E-02   9.61349979E-02
   8.00000000      -5.00000000      0.101021431       8.22170004E-02
   9.00000000      -5.00000000      0.110944279       9.47289988E-02
   10.0000000      -5.00000000      0.117775284      0.103106000    
   11.0000000      -5.00000000      0.115658864       8.92530009E-02
   12.0000000      -5.00000000      0.105254419       7.79220015E-02
   13.0000000      -5.00000000       9.72137228E-02   6.67209998E-02
   14.0000000      -5.00000000       9.12854299E-02   7.68460035E-02
   15.0000000      -5.00000000       9.70382914E-02  0.102383003    
   16.0000000      -5.00000000       9.53405648E-02  0.106344000    
   17.0000000      -5.00000000       8.73654261E-02  0.101305999    
   18.0000000      -5.00000000       8.27109963E-02   9.49679986E-02
   19.0000000      -5.00000000       8.10478553E-02   9.68289971E-02
   20.0000000      -5.00000000       7.68911391E-02   9.74859968E-02
   21.0000000      -5.00000000       7.22668618E-02   9.09970030E-02
   22.0000000      -5.00000000       5.37198521E-02   7.46859983E-02
   23.0000000      -5.00000000       3.88208553E-02   6.90310001E-02
   24.0000000      -5.00000000       2.76951436E-02   5.96820004E-02
   25.0000000      -5.00000000       2.02641450E-02   4.00540009E-02
   26.0000000      -5.00000000       2.32055727E-02   5.32179996E-02
   27.0000000      -5.00000000       1.97688546E-02   5.40440008E-02
   28.0000000      -5.00000000       1.49742858E-02   5.22510000E-02
   29.0000000      -5.00000000       1.13199996E-02   4.40579988E-02
   30.0000000      -5.00000000       2.02585710E-03   8.02499987E-03
   31.0000000      -5.00000000       0.00000000       0.00000000    
   0.00000000       0.00000000       1.75908562E-02   4.36320007E-02
   1.00000000       0.00000000       4.92791422E-02  0.122561000    
   2.00000000       0.00000000       8.87198523E-02  0.190667003    
   3.00000000       0.00000000      0.110825710      0.208828002    
   4.00000000       0.00000000      0.127762705      0.198495999    
   5.00000000       0.00000000      0.114166573      0.164811000    
   6.00000000       0.00000000      0.105579428      0.134159997    
   7.00000000       0.00000000      0.111097418      0.112219997    
   8.00000000       0.00000000      0.119514294      0.108493000    
   9.00000000       0.00000000      0.128237009      0.113123998    
   10.0000000       0.00000000      0.130262867      0.106550001    
   11.0000000       0.00000000      0.122791149      0.106822997    
   12.0000000       0.00000000      0.108270161       8.46659988E-02
   13.0000000       0.00000000       9.74237099E-02   6.39550015E-02
   14.0000000       0.00000000       9.63410065E-02   8.76019970E-02
   15.0000000       0.00000000      0.103125148      0.118946001    
   16.0000000       0.00000000      0.114116423      0.134478003    
   17.0000000       0.00000000       9.91114229E-02  0.126157999    
   18.0000000       0.00000000       9.27888677E-02  0.115728997    
   19.0000000       0.00000000       9.16145667E-02  0.113353997    
   20.0000000       0.00000000       8.99388567E-02  0.114839002    
   21.0000000       0.00000000       7.47204274E-02  0.103106000    
   22.0000000       0.00000000       5.39452843E-02   7.60900006E-02
   23.0000000       0.00000000       3.99379991E-02   7.16150030E-02
   24.0000000       0.00000000       2.98040006E-02   6.35389984E-02
   25.0000000       0.00000000       2.40820013E-02   5.09070009E-02
   26.0000000       0.00000000       1.97332855E-02   4.98090014E-02
   27.0000000       0.00000000       1.60172861E-02   4.14200015E-02
   28.0000000       0.00000000       1.22037148E-02   4.02360000E-02
   29.0000000       0.00000000       1.02174282E-02   4.02209982E-02
   30.0000000       0.00000000       2.70457147E-03   1.09750004E-02
   31.0000000       0.00000000       0.00000000       0.00000000    
   0.00000000       5.00000000       1.63551420E-02   4.42570001E-02
   1.00000000       5.00000000       4.22914289E-02  0.110462002    
   2.00000000       5.00000000       9.01697129E-02  0.194038004    
   3.00000000       5.00000000      0.122062139      0.232975006    
   4.00000000       5.00000000      0.134338573      0.207746997    
   5.00000000       5.00000000      0.127372295      0.174417004    
   6.00000000       5.00000000      0.118579566      0.138217002    
   7.00000000       5.00000000      0.122163005      0.119144000    
   8.00000000       5.00000000      0.129954010      0.119537003    
   9.00000000       5.00000000      0.133014292      0.128276005    
   10.0000000       5.00000000      0.138173863      0.127746999    
   11.0000000       5.00000000      0.127443999      0.112095997    
   12.0000000       5.00000000      0.111377560       8.66789967E-02
   13.0000000       5.00000000      0.100571290       7.52549991E-02
   14.0000000       5.00000000      0.104078002      0.105223998    
   15.0000000       5.00000000      0.115082145      0.132341996    
   16.0000000       5.00000000      0.120276712      0.143120006    
   17.0000000       5.00000000      0.115391567      0.143497005    
   18.0000000       5.00000000      0.101318292      0.135620996    
   19.0000000       5.00000000      0.105212860      0.129318997    
   20.0000000       5.00000000       9.54120010E-02  0.121487997    
   21.0000000       5.00000000       7.83424303E-02  0.107762001    
   22.0000000       5.00000000       5.38517199E-02   8.30610022E-02
   23.0000000       5.00000000       4.00192849E-02   6.68170005E-02
   24.0000000       5.00000000       3.14557143E-02   6.27589971E-02
   25.0000000       5.00000000       2.81442851E-02   6.13540001E-02
   26.0000000       5.00000000       2.30928548E-02   5.56499995E-02
   27.0000000       5.00000000       1.56542864E-02   4.06470001E-02
   28.0000000       5.00000000       1.13444282E-02   3.73950005E-02
   29.0000000       5.00000000       7.82999955E-03   3.27389985E-02
   30.0000000       5.00000000       1.49671442E-03   6.04500016E-03
   31.0000000       5.00000000       0.00000000       0.00000000    
   0.00000000       10.0000000       3.81199992E-03   1.13639999E-02
   1.00000000       10.0000000       3.56355719E-02   9.71850008E-02
   2.00000000       10.0000000       9.16535780E-02  0.192971006    
   3.00000000       10.0000000      0.126525000      0.238487005    
   4.00000000       10.0000000      0.134463578      0.222185999    
   5.00000000       10.0000000      0.133914426      0.177576005    
   6.00000000       10.0000000      0.133138150      0.148517996    
   7.00000000       10.0000000      0.134898290      0.132391006    
   8.00000000       10.0000000      0.134013727      0.125573993    
   9.00000000       10.0000000      0.136482999      0.139932007    
   10.0000000       10.0000000      0.139939576      0.136898994    
   11.0000000       10.0000000      0.129535154      0.116820998    
   12.0000000       10.0000000      0.124225155       9.40119997E-02
   13.0000000       10.0000000      0.111579001      0.103643999    
   14.0000000       10.0000000      0.114538573      0.117144004    
   15.0000000       10.0000000      0.126154572      0.139759004    
   16.0000000       10.0000000      0.121788718      0.148430005    
   17.0000000       10.0000000      0.115384713      0.143858999    
   18.0000000       10.0000000      0.119001009      0.152000993    
   19.0000000       10.0000000      0.110768996      0.140423000    
   20.0000000       10.0000000       9.73289981E-02  0.124766998    
   21.0000000       10.0000000       7.85064325E-02  0.104861997    
   22.0000000       10.0000000       5.68734333E-02   8.71270001E-02
   23.0000000       10.0000000       3.79612856E-02   6.80209994E-02
   24.0000000       10.0000000       3.21427137E-02   6.19670004E-02
   25.0000000       10.0000000       2.97958590E-02   6.98790029E-02
   26.0000000       10.0000000       2.39742845E-02   6.17280006E-02
   27.0000000       10.0000000       1.51274288E-02   3.94320004E-02
   28.0000000       10.0000000       9.57328547E-03   3.26539986E-02
   29.0000000       10.0000000       6.84928568E-03   3.24480012E-02
   30.0000000       10.0000000       1.79414276E-03   8.96899961E-03
   31.0000000       10.0000000       0.00000000       0.00000000    
