      xloc      yloc          depth         ave SR         max SR         #     start       end     max SR all       strike 1       strike 2          dip 1          dip 2         rake 1         rake 2
    -60.00    -20.00      29.975880       0.024885       0.024885        24      23.0      24.0       0.238487     122.959999     245.919998      67.379997      37.450001     120.669998      39.240002
    -60.00    -15.00      25.481911       0.039603       0.039603        24      23.0      24.0       0.238487      74.059998     298.880005      70.410004      26.650000      71.559998     131.619995
    -60.00    -10.00      20.987940       0.039983       0.039983        24      23.0      24.0       0.238487      51.889999     296.040009      69.459999      40.689999      54.080002     147.429993
    -60.00     -5.00      16.493971       0.025278       0.025278        24      23.0      24.0       0.238487     112.699997     233.589996      68.500000      37.490002     121.489998      37.020000
    -60.00      0.00      12.000000       0.033065       0.033065        24      23.0      24.0       0.238487     353.230011     243.399994      84.470001      15.920000    -104.949997     -20.559999
    -60.00      5.00       7.506030       0.031393       0.031393        24      23.0      24.0       0.238487     161.820007     259.130005      88.160004      14.150000     104.029999       7.540000
    -60.00     10.00       3.012060       0.018602       0.018602        24      23.0      24.0       0.238487     121.410004     247.479996      70.059998      31.639999     115.089996      40.560001
    -50.00    -20.00      29.975880       0.002253       0.002253        24      23.0      24.0       0.238487     163.570007      29.230000      15.690000      78.900002      45.419998     101.150002
    -50.00    -15.00      25.481911       0.000000       0.000000        24      23.0      24.0       0.238487     180.000000     360.000000      45.000000      45.000000      90.000000      90.000000
    -50.00    -10.00      20.987940       0.000000       0.000000        24      23.0      24.0       0.238487     180.000000     360.000000      45.000000      45.000000      90.000000      90.000000
    -50.00     -5.00      16.493971       0.000000       0.000000        24      23.0      24.0       0.238487     180.000000     360.000000      45.000000      45.000000      90.000000      90.000000
    -50.00      0.00      12.000000       0.000000       0.000000        24      23.0      24.0       0.238487     180.000000     360.000000      45.000000      45.000000      90.000000      90.000000
    -50.00      5.00       7.506030       0.000000       0.000000        24      23.0      24.0       0.238487     180.000000     360.000000      45.000000      45.000000      90.000000      90.000000
    -50.00     10.00       3.012060       0.000000       0.000000        24      23.0      24.0       0.238487     180.000000     360.000000      45.000000      45.000000      90.000000      90.000000
    -40.00    -20.00      29.975880       0.000000       0.000000        24      23.0      24.0       0.238487     180.000000     360.000000      45.000000      45.000000      90.000000      90.000000
    -40.00    -15.00      25.481911       0.000000       0.000000        24      23.0      24.0       0.238487     180.000000     360.000000      45.000000      45.000000      90.000000      90.000000
    -40.00    -10.00      20.987940       0.000000       0.000000        24      23.0      24.0       0.238487     180.000000     360.000000      45.000000      45.000000      90.000000      90.000000
    -40.00     -5.00      16.493971       0.000000       0.000000        24      23.0      24.0       0.238487     180.000000     360.000000      45.000000      45.000000      90.000000      90.000000
    -40.00      0.00      12.000000       0.000000       0.000000        24      23.0      24.0       0.238487     180.000000     360.000000      45.000000      45.000000      90.000000      90.000000
    -40.00      5.00       7.506030       0.000000       0.000000        24      23.0      24.0       0.238487     180.000000     360.000000      45.000000      45.000000      90.000000      90.000000
    -40.00     10.00       3.012060       0.000000       0.000000        24      23.0      24.0       0.238487     180.000000     360.000000      45.000000      45.000000      90.000000      90.000000
    -30.00    -20.00      29.975880       0.000000       0.000000        24      23.0      24.0       0.238487     180.000000     360.000000      45.000000      45.000000      90.000000      90.000000
    -30.00    -15.00      25.481911       0.000000       0.000000        24      23.0      24.0       0.238487     180.000000     360.000000      45.000000      45.000000      90.000000      90.000000
    -30.00    -10.00      20.987940       0.000000       0.000000        24      23.0      24.0       0.238487     180.000000     360.000000      45.000000      45.000000      90.000000      90.000000
    -30.00     -5.00      16.493971       0.000000       0.000000        24      23.0      24.0       0.238487     180.000000     360.000000      45.000000      45.000000      90.000000      90.000000
    -30.00      0.00      12.000000       0.000000       0.000000        24      23.0      24.0       0.238487     180.000000     360.000000      45.000000      45.000000      90.000000      90.000000
    -30.00      5.00       7.506030       0.000000       0.000000        24      23.0      24.0       0.238487     180.000000     360.000000      45.000000      45.000000      90.000000      90.000000
    -30.00     10.00       3.012060       0.000000       0.000000        24      23.0      24.0       0.238487     180.000000     360.000000      45.000000      45.000000      90.000000      90.000000
    -20.00    -20.00      29.975880       0.000000       0.000000        24      23.0      24.0       0.238487     180.000000     360.000000      45.000000      45.000000      90.000000      90.000000
    -20.00    -15.00      25.481911       0.000000       0.000000        24      23.0      24.0       0.238487     180.000000     360.000000      45.000000      45.000000      90.000000      90.000000
    -20.00    -10.00      20.987940       0.000000       0.000000        24      23.0      24.0       0.238487     180.000000     360.000000      45.000000      45.000000      90.000000      90.000000
    -20.00     -5.00      16.493971       0.000000       0.000000        24      23.0      24.0       0.238487     180.000000     360.000000      45.000000      45.000000      90.000000      90.000000
    -20.00      0.00      12.000000       0.000000       0.000000        24      23.0      24.0       0.238487     180.000000     360.000000      45.000000      45.000000      90.000000      90.000000
    -20.00      5.00       7.506030       0.000000       0.000000        24      23.0      24.0       0.238487     180.000000     360.000000      45.000000      45.000000      90.000000      90.000000
    -20.00     10.00       3.012060       0.000000       0.000000        24      23.0      24.0       0.238487     180.000000     360.000000      45.000000      45.000000      90.000000      90.000000
    -10.00    -20.00      29.975880       0.000000       0.000000        24      23.0      24.0       0.238487     180.000000     360.000000      45.000000      45.000000      90.000000      90.000000
    -10.00    -15.00      25.481911       0.000000       0.000000        24      23.0      24.0       0.238487     180.000000     360.000000      45.000000      45.000000      90.000000      90.000000
    -10.00    -10.00      20.987940       0.000000       0.000000        24      23.0      24.0       0.238487     180.000000     360.000000      45.000000      45.000000      90.000000      90.000000
    -10.00     -5.00      16.493971       0.000000       0.000000        24      23.0      24.0       0.238487     180.000000     360.000000      45.000000      45.000000      90.000000      90.000000
    -10.00      0.00      12.000000       0.000000       0.000000        24      23.0      24.0       0.238487     180.000000     360.000000      45.000000      45.000000      90.000000      90.000000
    -10.00      5.00       7.506030       0.000000       0.000000        24      23.0      24.0       0.238487     180.000000     360.000000      45.000000      45.000000      90.000000      90.000000
    -10.00     10.00       3.012060       0.000000       0.000000        24      23.0      24.0       0.238487     180.000000     360.000000      45.000000      45.000000      90.000000      90.000000
      0.00    -20.00      29.975880       0.000000       0.000000        24      23.0      24.0       0.238487     180.000000     360.000000      45.000000      45.000000      90.000000      90.000000
      0.00    -15.00      25.481911       0.000000       0.000000        24      23.0      24.0       0.238487     180.000000     360.000000      45.000000      45.000000      90.000000      90.000000
      0.00    -10.00      20.987940       0.000000       0.000000        24      23.0      24.0       0.238487     180.000000     360.000000      45.000000      45.000000      90.000000      90.000000
      0.00     -5.00      16.493971       0.000000       0.000000        24      23.0      24.0       0.238487     180.000000     360.000000      45.000000      45.000000      90.000000      90.000000
      0.00      0.00      12.000000       0.000000       0.000000        24      23.0      24.0       0.238487     180.000000     360.000000      45.000000      45.000000      90.000000      90.000000
      0.00      5.00       7.506030       0.000000       0.000000        24      23.0      24.0       0.238487     180.000000     360.000000      45.000000      45.000000      90.000000      90.000000
      0.00     10.00       3.012060       0.000000       0.000000        24      23.0      24.0       0.238487     180.000000     360.000000      45.000000      45.000000      90.000000      90.000000
     10.00    -20.00      29.975880       0.000000       0.000000        24      23.0      24.0       0.238487     180.000000     360.000000      45.000000      45.000000      90.000000      90.000000
     10.00    -15.00      25.481911       0.000000       0.000000        24      23.0      24.0       0.238487     180.000000     360.000000      45.000000      45.000000      90.000000      90.000000
     10.00    -10.00      20.987940       0.000000       0.000000        24      23.0      24.0       0.238487     180.000000     360.000000      45.000000      45.000000      90.000000      90.000000
     10.00     -5.00      16.493971       0.000000       0.000000        24      23.0      24.0       0.238487     180.000000     360.000000      45.000000      45.000000      90.000000      90.000000
     10.00      0.00      12.000000       0.000000       0.000000        24      23.0      24.0       0.238487     180.000000     360.000000      45.000000      45.000000      90.000000      90.000000
     10.00      5.00       7.506030       0.000000       0.000000        24      23.0      24.0       0.238487     180.000000     360.000000      45.000000      45.000000      90.000000      90.000000
     10.00     10.00       3.012060       0.000000       0.000000        24      23.0      24.0       0.238487     180.000000     360.000000      45.000000      45.000000      90.000000      90.000000
     20.00    -20.00      29.975880       0.000000       0.000000        24      23.0      24.0       0.238487     180.000000     360.000000      45.000000      45.000000      90.000000      90.000000
     20.00    -15.00      25.481911       0.000000       0.000000        24      23.0      24.0       0.238487     180.000000     360.000000      45.000000      45.000000      90.000000      90.000000
     20.00    -10.00      20.987940       0.000000       0.000000        24      23.0      24.0       0.238487     180.000000     360.000000      45.000000      45.000000      90.000000      90.000000
     20.00     -5.00      16.493971       0.000000       0.000000        24      23.0      24.0       0.238487     180.000000     360.000000      45.000000      45.000000      90.000000      90.000000
     20.00      0.00      12.000000       0.000000       0.000000        24      23.0      24.0       0.238487     180.000000     360.000000      45.000000      45.000000      90.000000      90.000000
     20.00      5.00       7.506030       0.000000       0.000000        24      23.0      24.0       0.238487     180.000000     360.000000      45.000000      45.000000      90.000000      90.000000
     20.00     10.00       3.012060       0.000000       0.000000        24      23.0      24.0       0.238487     180.000000     360.000000      45.000000      45.000000      90.000000      90.000000
     30.00    -20.00      29.975880       0.000000       0.000000        24      23.0      24.0       0.238487     180.000000     360.000000      45.000000      45.000000      90.000000      90.000000
     30.00    -15.00      25.481911       0.000000       0.000000        24      23.0      24.0       0.238487     180.000000     360.000000      45.000000      45.000000      90.000000      90.000000
     30.00    -10.00      20.987940       0.000000       0.000000        24      23.0      24.0       0.238487     180.000000     360.000000      45.000000      45.000000      90.000000      90.000000
     30.00     -5.00      16.493971       0.000000       0.000000        24      23.0      24.0       0.238487     180.000000     360.000000      45.000000      45.000000      90.000000      90.000000
     30.00      0.00      12.000000       0.000000       0.000000        24      23.0      24.0       0.238487     180.000000     360.000000      45.000000      45.000000      90.000000      90.000000
     30.00      5.00       7.506030       0.000000       0.000000        24      23.0      24.0       0.238487     180.000000     360.000000      45.000000      45.000000      90.000000      90.000000
     30.00     10.00       3.012060       0.000000       0.000000        24      23.0      24.0       0.238487     180.000000     360.000000      45.000000      45.000000      90.000000      90.000000
     40.00    -20.00      29.975880       0.000000       0.000000        24      23.0      24.0       0.238487     180.000000     360.000000      45.000000      45.000000      90.000000      90.000000
     40.00    -15.00      25.481911       0.000000       0.000000        24      23.0      24.0       0.238487     180.000000     360.000000      45.000000      45.000000      90.000000      90.000000
     40.00    -10.00      20.987940       0.000000       0.000000        24      23.0      24.0       0.238487     180.000000     360.000000      45.000000      45.000000      90.000000      90.000000
     40.00     -5.00      16.493971       0.000000       0.000000        24      23.0      24.0       0.238487     180.000000     360.000000      45.000000      45.000000      90.000000      90.000000
     40.00      0.00      12.000000       0.000000       0.000000        24      23.0      24.0       0.238487     180.000000     360.000000      45.000000      45.000000      90.000000      90.000000
     40.00      5.00       7.506030       0.000000       0.000000        24      23.0      24.0       0.238487     180.000000     360.000000      45.000000      45.000000      90.000000      90.000000
     40.00     10.00       3.012060       0.000000       0.000000        24      23.0      24.0       0.238487     180.000000     360.000000      45.000000      45.000000      90.000000      90.000000
     50.00    -20.00      29.975880       0.002319       0.002319        24      23.0      24.0       0.238487      66.239998     289.109985      43.020000      55.619999    -124.160004     -62.340000
     50.00    -15.00      25.481911       0.000000       0.000000        24      23.0      24.0       0.238487     180.000000     360.000000      45.000000      45.000000      90.000000      90.000000
     50.00    -10.00      20.987940       0.000000       0.000000        24      23.0      24.0       0.238487     180.000000     360.000000      45.000000      45.000000      90.000000      90.000000
     50.00     -5.00      16.493971       0.000000       0.000000        24      23.0      24.0       0.238487     180.000000     360.000000      45.000000      45.000000      90.000000      90.000000
     50.00      0.00      12.000000       0.000000       0.000000        24      23.0      24.0       0.238487     180.000000     360.000000      45.000000      45.000000      90.000000      90.000000
     50.00      5.00       7.506030       0.000000       0.000000        24      23.0      24.0       0.238487     180.000000     360.000000      45.000000      45.000000      90.000000      90.000000
     50.00     10.00       3.012060       0.000000       0.000000        24      23.0      24.0       0.238487     180.000000     360.000000      45.000000      45.000000      90.000000      90.000000
     60.00    -20.00      29.975880       0.036163       0.036163        24      23.0      24.0       0.238487     126.250000     233.190002      66.379997      56.330002     142.770004      28.780001
     60.00    -15.00      25.481911       0.043159       0.043159        24      23.0      24.0       0.238487     138.440002     228.529999      81.779999      89.400002     179.389999       8.220000
     60.00    -10.00      20.987940       0.037565       0.037565        24      23.0      24.0       0.238487     324.380005     232.089996      80.550003      76.489998    -166.300003      -9.730000
     60.00     -5.00      16.493971       0.031616       0.031616        24      23.0      24.0       0.238487     335.489990     237.009995      77.620003      56.080002    -145.160004     -14.970000
     60.00      0.00      12.000000       0.024662       0.024662        24      23.0      24.0       0.238487     170.360001      29.450001      30.110001      65.769997    -125.099998     -71.559998
     60.00      5.00       7.506030       0.033520       0.033520        24      23.0      24.0       0.238487     141.929993      48.570000      51.279999      85.820000    -174.639999     -38.849998
     60.00     10.00       3.012060       0.027367       0.027367        24      23.0      24.0       0.238487     144.089996      40.270000      55.070000      71.110001    -156.750000     -37.240002
     70.00    -20.00      29.975880       0.046355       0.046355        24      23.0      24.0       0.238487     127.870003     223.130005      73.589996      72.690002     161.929993      17.209999
     70.00    -15.00      25.481911       0.061267       0.061267        24      23.0      24.0       0.238487     311.529999     221.490005      85.699997      89.379997    -179.380005      -4.300000
     70.00    -10.00      20.987940       0.061310       0.061310        24      23.0      24.0       0.238487     314.739990     220.059998      61.150002      81.589996    -170.380005     -29.200001
     70.00     -5.00      16.493971       0.055582       0.055582        24      23.0      24.0       0.238487     216.720001     326.829987      70.279999      46.189999     -47.340000    -152.119995
     70.00      0.00      12.000000       0.050520       0.050520        24      23.0      24.0       0.238487     201.139999     345.559998      60.060001      35.310001     -70.349998    -120.290001
     70.00      5.00       7.506030       0.050902       0.050902        24      23.0      24.0       0.238487     172.690002       6.290000      58.099998      32.639999     -97.279999     -78.489998
     70.00     10.00       3.012060       0.051087       0.051087        24      23.0      24.0       0.238487     169.860001       2.850000      56.230000      34.459999     -97.309998     -79.230003
     80.00    -20.00      29.975880       0.046146       0.046146        24      23.0      24.0       0.238487     130.000000     222.699997      77.349998      78.150002     167.860001      12.930000
     80.00    -15.00      25.481911       0.061140       0.061140        24      23.0      24.0       0.238487     309.190002     218.979996      87.190002      85.870003    -175.860001      -2.820000
     80.00    -10.00      20.987940       0.062862       0.062862        24      23.0      24.0       0.238487     310.829987     214.220001      60.770000      78.379997    -166.660004     -29.900000
     80.00     -5.00      16.493971       0.069031       0.069031        24      23.0      24.0       0.238487     203.369995     320.570007      70.489998      37.779999     -56.980000    -146.970001
     80.00      0.00      12.000000       0.071615       0.071615        24      23.0      24.0       0.238487     198.399994     331.329987      67.320000      31.530001     -67.489998    -132.500000
     80.00      5.00       7.506030       0.066817       0.066817        24      23.0      24.0       0.238487     187.320007     333.600006      63.040001      31.450001     -73.160004    -119.660004
     80.00     10.00       3.012060       0.068021       0.068021        24      23.0      24.0       0.238487     186.330002     330.510010      63.060001      32.080002     -71.889999    -121.449997
     90.00    -20.00      29.975880       0.035430       0.035430        24      23.0      24.0       0.238487     132.490005     224.630005      74.910004      82.120003     171.839996      15.240000
     90.00    -15.00      25.481911       0.047451       0.047451        24      23.0      24.0       0.238487     309.320007     219.029999      87.430000      83.400002    -173.389999      -2.590000
     90.00    -10.00      20.987940       0.050185       0.050185        24      23.0      24.0       0.238487     308.380005     210.320007      65.889999      72.620003    -160.889999     -25.350000
     90.00     -5.00      16.493971       0.056765       0.056765        24      23.0      24.0       0.238487     196.910004     314.209991      68.010002      41.360001     -54.040001    -145.490005
     90.00      0.00      12.000000       0.062824       0.062824        24      23.0      24.0       0.238487     191.169998     319.820007      67.489998      33.570000     -64.410004    -136.179993
     90.00      5.00       7.506030       0.061151       0.061151        24      23.0      24.0       0.238487     191.789993     318.890015      68.089996      33.689999     -63.740002    -137.729996
     90.00     10.00       3.012060       0.064589       0.064589        24      23.0      24.0       0.238487     189.320007     320.750000      68.320000      31.000000     -67.279999    -134.169998
    100.00    -20.00      29.975880       0.023417       0.023417        24      23.0      24.0       0.238487     138.619995     228.809998      79.699997      88.910004     178.889999      10.310000
    100.00    -15.00      25.481911       0.031623       0.031623        24      23.0      24.0       0.238487     315.260010     222.009995      75.790001      77.400002    -166.990005     -14.570000
    100.00    -10.00      20.987940       0.030646       0.030646        24      23.0      24.0       0.238487     306.750000     206.190002      67.620003      66.000000    -153.899994     -24.629999
    100.00     -5.00      16.493971       0.033474       0.033474        24      23.0      24.0       0.238487     192.949997     305.260010      66.919998      48.310001     -46.299999    -148.330002
    100.00      0.00      12.000000       0.036880       0.036880        24      23.0      24.0       0.238487     183.649994     308.309998      68.470001      34.740002     -62.049999    -139.910004
    100.00      5.00       7.506030       0.036352       0.036352        24      23.0      24.0       0.238487     175.309998     325.130005      68.610001      24.370001     -78.029999    -117.910004
    100.00     10.00       3.012060       0.036063       0.036063        24      23.0      24.0       0.238487     176.699997     334.670013      67.669998      23.900000     -81.260002    -110.290001
