      xloc      yloc          depth         ave SR         max SR         #     start       end     max SR all       strike 1       strike 2          dip 1          dip 2         rake 1         rake 2
    -60.00    -20.00      29.975880       0.000000       0.000000        31      30.0      31.0       0.238487     180.000000     360.000000      45.000000      45.000000      90.000000      90.000000
    -60.00    -15.00      25.481911       0.000000       0.000000        31      30.0      31.0       0.238487     180.000000     360.000000      45.000000      45.000000      90.000000      90.000000
    -60.00    -10.00      20.987940       0.000000       0.000000        31      30.0      31.0       0.238487     180.000000     360.000000      45.000000      45.000000      90.000000      90.000000
    -60.00     -5.00      16.493971       0.000000       0.000000        31      30.0      31.0       0.238487     180.000000     360.000000      45.000000      45.000000      90.000000      90.000000
    -60.00      0.00      12.000000       0.000000       0.000000        31      30.0      31.0       0.238487     180.000000     360.000000      45.000000      45.000000      90.000000      90.000000
    -60.00      5.00       7.506030       0.000000       0.000000        31      30.0      31.0       0.238487     180.000000     360.000000      45.000000      45.000000      90.000000      90.000000
    -60.00     10.00       3.012060       0.000000       0.000000        31      30.0      31.0       0.238487     180.000000     360.000000      45.000000      45.000000      90.000000      90.000000
    -50.00    -20.00      29.975880       0.000000       0.000000        31      30.0      31.0       0.238487     180.000000     360.000000      45.000000      45.000000      90.000000      90.000000
    -50.00    -15.00      25.481911       0.000000       0.000000        31      30.0      31.0       0.238487     180.000000     360.000000      45.000000      45.000000      90.000000      90.000000
    -50.00    -10.00      20.987940       0.000000       0.000000        31      30.0      31.0       0.238487     180.000000     360.000000      45.000000      45.000000      90.000000      90.000000
    -50.00     -5.00      16.493971       0.000000       0.000000        31      30.0      31.0       0.238487     180.000000     360.000000      45.000000      45.000000      90.000000      90.000000
    -50.00      0.00      12.000000       0.000000       0.000000        31      30.0      31.0       0.238487     180.000000     360.000000      45.000000      45.000000      90.000000      90.000000
    -50.00      5.00       7.506030       0.000000       0.000000        31      30.0      31.0       0.238487     180.000000     360.000000      45.000000      45.000000      90.000000      90.000000
    -50.00     10.00       3.012060       0.000000       0.000000        31      30.0      31.0       0.238487     180.000000     360.000000      45.000000      45.000000      90.000000      90.000000
    -40.00    -20.00      29.975880       0.000000       0.000000        31      30.0      31.0       0.238487     180.000000     360.000000      45.000000      45.000000      90.000000      90.000000
    -40.00    -15.00      25.481911       0.000000       0.000000        31      30.0      31.0       0.238487     180.000000     360.000000      45.000000      45.000000      90.000000      90.000000
    -40.00    -10.00      20.987940       0.000000       0.000000        31      30.0      31.0       0.238487     180.000000     360.000000      45.000000      45.000000      90.000000      90.000000
    -40.00     -5.00      16.493971       0.000000       0.000000        31      30.0      31.0       0.238487     180.000000     360.000000      45.000000      45.000000      90.000000      90.000000
    -40.00      0.00      12.000000       0.000000       0.000000        31      30.0      31.0       0.238487     180.000000     360.000000      45.000000      45.000000      90.000000      90.000000
    -40.00      5.00       7.506030       0.000000       0.000000        31      30.0      31.0       0.238487     180.000000     360.000000      45.000000      45.000000      90.000000      90.000000
    -40.00     10.00       3.012060       0.000000       0.000000        31      30.0      31.0       0.238487     180.000000     360.000000      45.000000      45.000000      90.000000      90.000000
    -30.00    -20.00      29.975880       0.000000       0.000000        31      30.0      31.0       0.238487     180.000000     360.000000      45.000000      45.000000      90.000000      90.000000
    -30.00    -15.00      25.481911       0.000000       0.000000        31      30.0      31.0       0.238487     180.000000     360.000000      45.000000      45.000000      90.000000      90.000000
    -30.00    -10.00      20.987940       0.000000       0.000000        31      30.0      31.0       0.238487     180.000000     360.000000      45.000000      45.000000      90.000000      90.000000
    -30.00     -5.00      16.493971       0.000000       0.000000        31      30.0      31.0       0.238487     180.000000     360.000000      45.000000      45.000000      90.000000      90.000000
    -30.00      0.00      12.000000       0.000000       0.000000        31      30.0      31.0       0.238487     180.000000     360.000000      45.000000      45.000000      90.000000      90.000000
    -30.00      5.00       7.506030       0.000000       0.000000        31      30.0      31.0       0.238487     180.000000     360.000000      45.000000      45.000000      90.000000      90.000000
    -30.00     10.00       3.012060       0.000000       0.000000        31      30.0      31.0       0.238487     180.000000     360.000000      45.000000      45.000000      90.000000      90.000000
    -20.00    -20.00      29.975880       0.000000       0.000000        31      30.0      31.0       0.238487     180.000000     360.000000      45.000000      45.000000      90.000000      90.000000
    -20.00    -15.00      25.481911       0.000000       0.000000        31      30.0      31.0       0.238487     180.000000     360.000000      45.000000      45.000000      90.000000      90.000000
    -20.00    -10.00      20.987940       0.000000       0.000000        31      30.0      31.0       0.238487     180.000000     360.000000      45.000000      45.000000      90.000000      90.000000
    -20.00     -5.00      16.493971       0.000000       0.000000        31      30.0      31.0       0.238487     180.000000     360.000000      45.000000      45.000000      90.000000      90.000000
    -20.00      0.00      12.000000       0.000000       0.000000        31      30.0      31.0       0.238487     180.000000     360.000000      45.000000      45.000000      90.000000      90.000000
    -20.00      5.00       7.506030       0.000000       0.000000        31      30.0      31.0       0.238487     180.000000     360.000000      45.000000      45.000000      90.000000      90.000000
    -20.00     10.00       3.012060       0.000000       0.000000        31      30.0      31.0       0.238487     180.000000     360.000000      45.000000      45.000000      90.000000      90.000000
    -10.00    -20.00      29.975880       0.000000       0.000000        31      30.0      31.0       0.238487     180.000000     360.000000      45.000000      45.000000      90.000000      90.000000
    -10.00    -15.00      25.481911       0.000000       0.000000        31      30.0      31.0       0.238487     180.000000     360.000000      45.000000      45.000000      90.000000      90.000000
    -10.00    -10.00      20.987940       0.000000       0.000000        31      30.0      31.0       0.238487     180.000000     360.000000      45.000000      45.000000      90.000000      90.000000
    -10.00     -5.00      16.493971       0.000000       0.000000        31      30.0      31.0       0.238487     180.000000     360.000000      45.000000      45.000000      90.000000      90.000000
    -10.00      0.00      12.000000       0.000000       0.000000        31      30.0      31.0       0.238487     180.000000     360.000000      45.000000      45.000000      90.000000      90.000000
    -10.00      5.00       7.506030       0.000000       0.000000        31      30.0      31.0       0.238487     180.000000     360.000000      45.000000      45.000000      90.000000      90.000000
    -10.00     10.00       3.012060       0.000000       0.000000        31      30.0      31.0       0.238487     180.000000     360.000000      45.000000      45.000000      90.000000      90.000000
      0.00    -20.00      29.975880       0.000000       0.000000        31      30.0      31.0       0.238487     180.000000     360.000000      45.000000      45.000000      90.000000      90.000000
      0.00    -15.00      25.481911       0.000000       0.000000        31      30.0      31.0       0.238487     180.000000     360.000000      45.000000      45.000000      90.000000      90.000000
      0.00    -10.00      20.987940       0.000000       0.000000        31      30.0      31.0       0.238487     180.000000     360.000000      45.000000      45.000000      90.000000      90.000000
      0.00     -5.00      16.493971       0.000000       0.000000        31      30.0      31.0       0.238487     180.000000     360.000000      45.000000      45.000000      90.000000      90.000000
      0.00      0.00      12.000000       0.000000       0.000000        31      30.0      31.0       0.238487     180.000000     360.000000      45.000000      45.000000      90.000000      90.000000
      0.00      5.00       7.506030       0.000000       0.000000        31      30.0      31.0       0.238487     180.000000     360.000000      45.000000      45.000000      90.000000      90.000000
      0.00     10.00       3.012060       0.000000       0.000000        31      30.0      31.0       0.238487     180.000000     360.000000      45.000000      45.000000      90.000000      90.000000
     10.00    -20.00      29.975880       0.000000       0.000000        31      30.0      31.0       0.238487     180.000000     360.000000      45.000000      45.000000      90.000000      90.000000
     10.00    -15.00      25.481911       0.000000       0.000000        31      30.0      31.0       0.238487     180.000000     360.000000      45.000000      45.000000      90.000000      90.000000
     10.00    -10.00      20.987940       0.000000       0.000000        31      30.0      31.0       0.238487     180.000000     360.000000      45.000000      45.000000      90.000000      90.000000
     10.00     -5.00      16.493971       0.000000       0.000000        31      30.0      31.0       0.238487     180.000000     360.000000      45.000000      45.000000      90.000000      90.000000
     10.00      0.00      12.000000       0.000000       0.000000        31      30.0      31.0       0.238487     180.000000     360.000000      45.000000      45.000000      90.000000      90.000000
     10.00      5.00       7.506030       0.000000       0.000000        31      30.0      31.0       0.238487     180.000000     360.000000      45.000000      45.000000      90.000000      90.000000
     10.00     10.00       3.012060       0.000000       0.000000        31      30.0      31.0       0.238487     180.000000     360.000000      45.000000      45.000000      90.000000      90.000000
     20.00    -20.00      29.975880       0.000000       0.000000        31      30.0      31.0       0.238487     180.000000     360.000000      45.000000      45.000000      90.000000      90.000000
     20.00    -15.00      25.481911       0.000000       0.000000        31      30.0      31.0       0.238487     180.000000     360.000000      45.000000      45.000000      90.000000      90.000000
     20.00    -10.00      20.987940       0.000000       0.000000        31      30.0      31.0       0.238487     180.000000     360.000000      45.000000      45.000000      90.000000      90.000000
     20.00     -5.00      16.493971       0.000000       0.000000        31      30.0      31.0       0.238487     180.000000     360.000000      45.000000      45.000000      90.000000      90.000000
     20.00      0.00      12.000000       0.000000       0.000000        31      30.0      31.0       0.238487     180.000000     360.000000      45.000000      45.000000      90.000000      90.000000
     20.00      5.00       7.506030       0.000000       0.000000        31      30.0      31.0       0.238487     180.000000     360.000000      45.000000      45.000000      90.000000      90.000000
     20.00     10.00       3.012060       0.000000       0.000000        31      30.0      31.0       0.238487     180.000000     360.000000      45.000000      45.000000      90.000000      90.000000
     30.00    -20.00      29.975880       0.000000       0.000000        31      30.0      31.0       0.238487     180.000000     360.000000      45.000000      45.000000      90.000000      90.000000
     30.00    -15.00      25.481911       0.000000       0.000000        31      30.0      31.0       0.238487     180.000000     360.000000      45.000000      45.000000      90.000000      90.000000
     30.00    -10.00      20.987940       0.000000       0.000000        31      30.0      31.0       0.238487     180.000000     360.000000      45.000000      45.000000      90.000000      90.000000
     30.00     -5.00      16.493971       0.000000       0.000000        31      30.0      31.0       0.238487     180.000000     360.000000      45.000000      45.000000      90.000000      90.000000
     30.00      0.00      12.000000       0.000000       0.000000        31      30.0      31.0       0.238487     180.000000     360.000000      45.000000      45.000000      90.000000      90.000000
     30.00      5.00       7.506030       0.000000       0.000000        31      30.0      31.0       0.238487     180.000000     360.000000      45.000000      45.000000      90.000000      90.000000
     30.00     10.00       3.012060       0.000000       0.000000        31      30.0      31.0       0.238487     180.000000     360.000000      45.000000      45.000000      90.000000      90.000000
     40.00    -20.00      29.975880       0.000000       0.000000        31      30.0      31.0       0.238487     180.000000     360.000000      45.000000      45.000000      90.000000      90.000000
     40.00    -15.00      25.481911       0.000000       0.000000        31      30.0      31.0       0.238487     180.000000     360.000000      45.000000      45.000000      90.000000      90.000000
     40.00    -10.00      20.987940       0.000000       0.000000        31      30.0      31.0       0.238487     180.000000     360.000000      45.000000      45.000000      90.000000      90.000000
     40.00     -5.00      16.493971       0.000000       0.000000        31      30.0      31.0       0.238487     180.000000     360.000000      45.000000      45.000000      90.000000      90.000000
     40.00      0.00      12.000000       0.000000       0.000000        31      30.0      31.0       0.238487     180.000000     360.000000      45.000000      45.000000      90.000000      90.000000
     40.00      5.00       7.506030       0.000000       0.000000        31      30.0      31.0       0.238487     180.000000     360.000000      45.000000      45.000000      90.000000      90.000000
     40.00     10.00       3.012060       0.000000       0.000000        31      30.0      31.0       0.238487     180.000000     360.000000      45.000000      45.000000      90.000000      90.000000
     50.00    -20.00      29.975880       0.000000       0.000000        31      30.0      31.0       0.238487     180.000000     360.000000      45.000000      45.000000      90.000000      90.000000
     50.00    -15.00      25.481911       0.000000       0.000000        31      30.0      31.0       0.238487     180.000000     360.000000      45.000000      45.000000      90.000000      90.000000
     50.00    -10.00      20.987940       0.000000       0.000000        31      30.0      31.0       0.238487     180.000000     360.000000      45.000000      45.000000      90.000000      90.000000
     50.00     -5.00      16.493971       0.000000       0.000000        31      30.0      31.0       0.238487     180.000000     360.000000      45.000000      45.000000      90.000000      90.000000
     50.00      0.00      12.000000       0.000000       0.000000        31      30.0      31.0       0.238487     180.000000     360.000000      45.000000      45.000000      90.000000      90.000000
     50.00      5.00       7.506030       0.000000       0.000000        31      30.0      31.0       0.238487     180.000000     360.000000      45.000000      45.000000      90.000000      90.000000
     50.00     10.00       3.012060       0.000000       0.000000        31      30.0      31.0       0.238487     180.000000     360.000000      45.000000      45.000000      90.000000      90.000000
     60.00    -20.00      29.975880       0.000000       0.000000        31      30.0      31.0       0.238487     180.000000     360.000000      45.000000      45.000000      90.000000      90.000000
     60.00    -15.00      25.481911       0.000000       0.000000        31      30.0      31.0       0.238487     180.000000     360.000000      45.000000      45.000000      90.000000      90.000000
     60.00    -10.00      20.987940       0.000000       0.000000        31      30.0      31.0       0.238487     180.000000     360.000000      45.000000      45.000000      90.000000      90.000000
     60.00     -5.00      16.493971       0.000000       0.000000        31      30.0      31.0       0.238487     180.000000     360.000000      45.000000      45.000000      90.000000      90.000000
     60.00      0.00      12.000000       0.000000       0.000000        31      30.0      31.0       0.238487     180.000000     360.000000      45.000000      45.000000      90.000000      90.000000
     60.00      5.00       7.506030       0.000000       0.000000        31      30.0      31.0       0.238487     180.000000     360.000000      45.000000      45.000000      90.000000      90.000000
     60.00     10.00       3.012060       0.000000       0.000000        31      30.0      31.0       0.238487     180.000000     360.000000      45.000000      45.000000      90.000000      90.000000
     70.00    -20.00      29.975880       0.000000       0.000000        31      30.0      31.0       0.238487     180.000000     360.000000      45.000000      45.000000      90.000000      90.000000
     70.00    -15.00      25.481911       0.000000       0.000000        31      30.0      31.0       0.238487     180.000000     360.000000      45.000000      45.000000      90.000000      90.000000
     70.00    -10.00      20.987940       0.000000       0.000000        31      30.0      31.0       0.238487     180.000000     360.000000      45.000000      45.000000      90.000000      90.000000
     70.00     -5.00      16.493971       0.000000       0.000000        31      30.0      31.0       0.238487     180.000000     360.000000      45.000000      45.000000      90.000000      90.000000
     70.00      0.00      12.000000       0.000000       0.000000        31      30.0      31.0       0.238487     180.000000     360.000000      45.000000      45.000000      90.000000      90.000000
     70.00      5.00       7.506030       0.000000       0.000000        31      30.0      31.0       0.238487     180.000000     360.000000      45.000000      45.000000      90.000000      90.000000
     70.00     10.00       3.012060       0.000000       0.000000        31      30.0      31.0       0.238487     180.000000     360.000000      45.000000      45.000000      90.000000      90.000000
     80.00    -20.00      29.975880       0.000000       0.000000        31      30.0      31.0       0.238487     180.000000     360.000000      45.000000      45.000000      90.000000      90.000000
     80.00    -15.00      25.481911       0.000000       0.000000        31      30.0      31.0       0.238487     180.000000     360.000000      45.000000      45.000000      90.000000      90.000000
     80.00    -10.00      20.987940       0.000000       0.000000        31      30.0      31.0       0.238487     180.000000     360.000000      45.000000      45.000000      90.000000      90.000000
     80.00     -5.00      16.493971       0.000000       0.000000        31      30.0      31.0       0.238487     180.000000     360.000000      45.000000      45.000000      90.000000      90.000000
     80.00      0.00      12.000000       0.000000       0.000000        31      30.0      31.0       0.238487     180.000000     360.000000      45.000000      45.000000      90.000000      90.000000
     80.00      5.00       7.506030       0.000000       0.000000        31      30.0      31.0       0.238487     180.000000     360.000000      45.000000      45.000000      90.000000      90.000000
     80.00     10.00       3.012060       0.000000       0.000000        31      30.0      31.0       0.238487     180.000000     360.000000      45.000000      45.000000      90.000000      90.000000
     90.00    -20.00      29.975880       0.008955       0.008955        31      30.0      31.0       0.238487     230.820007     358.809998      23.209999      75.220001     139.649994      71.900002
     90.00    -15.00      25.481911       0.011701       0.011701        31      30.0      31.0       0.238487     346.190002     253.630005      89.080002      19.820000      70.199997     177.279999
     90.00    -10.00      20.987940       0.006464       0.006464        31      30.0      31.0       0.238487     330.970001     233.919998      81.139999      51.779999      38.759998     168.690002
     90.00     -5.00      16.493971       0.006156       0.006156        31      30.0      31.0       0.238487      31.629999     261.119995      43.869999      58.009998      49.849998     121.800003
     90.00      0.00      12.000000       0.007957       0.007957        31      30.0      31.0       0.238487      24.620001     274.119995      25.469999      80.529999      22.490000     113.750000
     90.00      5.00       7.506030       0.006045       0.006045        31      30.0      31.0       0.238487      91.050003     228.800003      38.570000      59.450001     125.379997      65.220001
     90.00     10.00       3.012060       0.003590       0.003590        31      30.0      31.0       0.238487     109.459999     350.279999      76.050003      27.000000    -113.360001     -32.070000
    100.00    -20.00      29.975880       0.007653       0.007653        31      30.0      31.0       0.238487     118.919998     241.440002      71.300003      32.200001     -63.299999    -143.009995
    100.00    -15.00      25.481911       0.008574       0.008574        31      30.0      31.0       0.238487     124.260002     226.089996      50.130001      76.209999     -18.090000    -138.690002
    100.00    -10.00      20.987940       0.011672       0.011672        31      30.0      31.0       0.238487     341.829987     246.110001      86.800003      29.280001      60.880001     173.449997
    100.00     -5.00      16.493971       0.008025       0.008025        31      30.0      31.0       0.238487     236.509995     352.040009      30.010000      76.019997     151.119995      63.169998
    100.00      0.00      12.000000       0.010975       0.010975        31      30.0      31.0       0.238487      33.720001     264.980011      16.750000      79.339996      39.950001     102.989998
    100.00      5.00       7.506030       0.004432       0.004432        31      30.0      31.0       0.238487      78.730003     344.040009      88.540001      17.340000    -107.279999      -4.910000
    100.00     10.00       3.012060       0.008969       0.008969        31      30.0      31.0       0.238487      69.589996     254.720001       9.220000      80.820000      84.930000      90.820000
