      xloc      yloc          depth         ave SR         max SR         #     start       end     max SR all       strike 1       strike 2          dip 1          dip 2         rake 1         rake 2
    -60.00    -20.00      29.975880       0.000000       0.000000        32      31.0      32.0       0.238487     180.000000     360.000000      45.000000      45.000000      90.000000      90.000000
    -60.00    -15.00      25.481911       0.000000       0.000000        32      31.0      32.0       0.238487     180.000000     360.000000      45.000000      45.000000      90.000000      90.000000
    -60.00    -10.00      20.987940       0.000000       0.000000        32      31.0      32.0       0.238487     180.000000     360.000000      45.000000      45.000000      90.000000      90.000000
    -60.00     -5.00      16.493971       0.000000       0.000000        32      31.0      32.0       0.238487     180.000000     360.000000      45.000000      45.000000      90.000000      90.000000
    -60.00      0.00      12.000000       0.000000       0.000000        32      31.0      32.0       0.238487     180.000000     360.000000      45.000000      45.000000      90.000000      90.000000
    -60.00      5.00       7.506030       0.000000       0.000000        32      31.0      32.0       0.238487     180.000000     360.000000      45.000000      45.000000      90.000000      90.000000
    -60.00     10.00       3.012060       0.000000       0.000000        32      31.0      32.0       0.238487     180.000000     360.000000      45.000000      45.000000      90.000000      90.000000
    -50.00    -20.00      29.975880       0.000000       0.000000        32      31.0      32.0       0.238487     180.000000     360.000000      45.000000      45.000000      90.000000      90.000000
    -50.00    -15.00      25.481911       0.000000       0.000000        32      31.0      32.0       0.238487     180.000000     360.000000      45.000000      45.000000      90.000000      90.000000
    -50.00    -10.00      20.987940       0.000000       0.000000        32      31.0      32.0       0.238487     180.000000     360.000000      45.000000      45.000000      90.000000      90.000000
    -50.00     -5.00      16.493971       0.000000       0.000000        32      31.0      32.0       0.238487     180.000000     360.000000      45.000000      45.000000      90.000000      90.000000
    -50.00      0.00      12.000000       0.000000       0.000000        32      31.0      32.0       0.238487     180.000000     360.000000      45.000000      45.000000      90.000000      90.000000
    -50.00      5.00       7.506030       0.000000       0.000000        32      31.0      32.0       0.238487     180.000000     360.000000      45.000000      45.000000      90.000000      90.000000
    -50.00     10.00       3.012060       0.000000       0.000000        32      31.0      32.0       0.238487     180.000000     360.000000      45.000000      45.000000      90.000000      90.000000
    -40.00    -20.00      29.975880       0.000000       0.000000        32      31.0      32.0       0.238487     180.000000     360.000000      45.000000      45.000000      90.000000      90.000000
    -40.00    -15.00      25.481911       0.000000       0.000000        32      31.0      32.0       0.238487     180.000000     360.000000      45.000000      45.000000      90.000000      90.000000
    -40.00    -10.00      20.987940       0.000000       0.000000        32      31.0      32.0       0.238487     180.000000     360.000000      45.000000      45.000000      90.000000      90.000000
    -40.00     -5.00      16.493971       0.000000       0.000000        32      31.0      32.0       0.238487     180.000000     360.000000      45.000000      45.000000      90.000000      90.000000
    -40.00      0.00      12.000000       0.000000       0.000000        32      31.0      32.0       0.238487     180.000000     360.000000      45.000000      45.000000      90.000000      90.000000
    -40.00      5.00       7.506030       0.000000       0.000000        32      31.0      32.0       0.238487     180.000000     360.000000      45.000000      45.000000      90.000000      90.000000
    -40.00     10.00       3.012060       0.000000       0.000000        32      31.0      32.0       0.238487     180.000000     360.000000      45.000000      45.000000      90.000000      90.000000
    -30.00    -20.00      29.975880       0.000000       0.000000        32      31.0      32.0       0.238487     180.000000     360.000000      45.000000      45.000000      90.000000      90.000000
    -30.00    -15.00      25.481911       0.000000       0.000000        32      31.0      32.0       0.238487     180.000000     360.000000      45.000000      45.000000      90.000000      90.000000
    -30.00    -10.00      20.987940       0.000000       0.000000        32      31.0      32.0       0.238487     180.000000     360.000000      45.000000      45.000000      90.000000      90.000000
    -30.00     -5.00      16.493971       0.000000       0.000000        32      31.0      32.0       0.238487     180.000000     360.000000      45.000000      45.000000      90.000000      90.000000
    -30.00      0.00      12.000000       0.000000       0.000000        32      31.0      32.0       0.238487     180.000000     360.000000      45.000000      45.000000      90.000000      90.000000
    -30.00      5.00       7.506030       0.000000       0.000000        32      31.0      32.0       0.238487     180.000000     360.000000      45.000000      45.000000      90.000000      90.000000
    -30.00     10.00       3.012060       0.000000       0.000000        32      31.0      32.0       0.238487     180.000000     360.000000      45.000000      45.000000      90.000000      90.000000
    -20.00    -20.00      29.975880       0.000000       0.000000        32      31.0      32.0       0.238487     180.000000     360.000000      45.000000      45.000000      90.000000      90.000000
    -20.00    -15.00      25.481911       0.000000       0.000000        32      31.0      32.0       0.238487     180.000000     360.000000      45.000000      45.000000      90.000000      90.000000
    -20.00    -10.00      20.987940       0.000000       0.000000        32      31.0      32.0       0.238487     180.000000     360.000000      45.000000      45.000000      90.000000      90.000000
    -20.00     -5.00      16.493971       0.000000       0.000000        32      31.0      32.0       0.238487     180.000000     360.000000      45.000000      45.000000      90.000000      90.000000
    -20.00      0.00      12.000000       0.000000       0.000000        32      31.0      32.0       0.238487     180.000000     360.000000      45.000000      45.000000      90.000000      90.000000
    -20.00      5.00       7.506030       0.000000       0.000000        32      31.0      32.0       0.238487     180.000000     360.000000      45.000000      45.000000      90.000000      90.000000
    -20.00     10.00       3.012060       0.000000       0.000000        32      31.0      32.0       0.238487     180.000000     360.000000      45.000000      45.000000      90.000000      90.000000
    -10.00    -20.00      29.975880       0.000000       0.000000        32      31.0      32.0       0.238487     180.000000     360.000000      45.000000      45.000000      90.000000      90.000000
    -10.00    -15.00      25.481911       0.000000       0.000000        32      31.0      32.0       0.238487     180.000000     360.000000      45.000000      45.000000      90.000000      90.000000
    -10.00    -10.00      20.987940       0.000000       0.000000        32      31.0      32.0       0.238487     180.000000     360.000000      45.000000      45.000000      90.000000      90.000000
    -10.00     -5.00      16.493971       0.000000       0.000000        32      31.0      32.0       0.238487     180.000000     360.000000      45.000000      45.000000      90.000000      90.000000
    -10.00      0.00      12.000000       0.000000       0.000000        32      31.0      32.0       0.238487     180.000000     360.000000      45.000000      45.000000      90.000000      90.000000
    -10.00      5.00       7.506030       0.000000       0.000000        32      31.0      32.0       0.238487     180.000000     360.000000      45.000000      45.000000      90.000000      90.000000
    -10.00     10.00       3.012060       0.000000       0.000000        32      31.0      32.0       0.238487     180.000000     360.000000      45.000000      45.000000      90.000000      90.000000
      0.00    -20.00      29.975880       0.000000       0.000000        32      31.0      32.0       0.238487     180.000000     360.000000      45.000000      45.000000      90.000000      90.000000
      0.00    -15.00      25.481911       0.000000       0.000000        32      31.0      32.0       0.238487     180.000000     360.000000      45.000000      45.000000      90.000000      90.000000
      0.00    -10.00      20.987940       0.000000       0.000000        32      31.0      32.0       0.238487     180.000000     360.000000      45.000000      45.000000      90.000000      90.000000
      0.00     -5.00      16.493971       0.000000       0.000000        32      31.0      32.0       0.238487     180.000000     360.000000      45.000000      45.000000      90.000000      90.000000
      0.00      0.00      12.000000       0.000000       0.000000        32      31.0      32.0       0.238487     180.000000     360.000000      45.000000      45.000000      90.000000      90.000000
      0.00      5.00       7.506030       0.000000       0.000000        32      31.0      32.0       0.238487     180.000000     360.000000      45.000000      45.000000      90.000000      90.000000
      0.00     10.00       3.012060       0.000000       0.000000        32      31.0      32.0       0.238487     180.000000     360.000000      45.000000      45.000000      90.000000      90.000000
     10.00    -20.00      29.975880       0.000000       0.000000        32      31.0      32.0       0.238487     180.000000     360.000000      45.000000      45.000000      90.000000      90.000000
     10.00    -15.00      25.481911       0.000000       0.000000        32      31.0      32.0       0.238487     180.000000     360.000000      45.000000      45.000000      90.000000      90.000000
     10.00    -10.00      20.987940       0.000000       0.000000        32      31.0      32.0       0.238487     180.000000     360.000000      45.000000      45.000000      90.000000      90.000000
     10.00     -5.00      16.493971       0.000000       0.000000        32      31.0      32.0       0.238487     180.000000     360.000000      45.000000      45.000000      90.000000      90.000000
     10.00      0.00      12.000000       0.000000       0.000000        32      31.0      32.0       0.238487     180.000000     360.000000      45.000000      45.000000      90.000000      90.000000
     10.00      5.00       7.506030       0.000000       0.000000        32      31.0      32.0       0.238487     180.000000     360.000000      45.000000      45.000000      90.000000      90.000000
     10.00     10.00       3.012060       0.000000       0.000000        32      31.0      32.0       0.238487     180.000000     360.000000      45.000000      45.000000      90.000000      90.000000
     20.00    -20.00      29.975880       0.000000       0.000000        32      31.0      32.0       0.238487     180.000000     360.000000      45.000000      45.000000      90.000000      90.000000
     20.00    -15.00      25.481911       0.000000       0.000000        32      31.0      32.0       0.238487     180.000000     360.000000      45.000000      45.000000      90.000000      90.000000
     20.00    -10.00      20.987940       0.000000       0.000000        32      31.0      32.0       0.238487     180.000000     360.000000      45.000000      45.000000      90.000000      90.000000
     20.00     -5.00      16.493971       0.000000       0.000000        32      31.0      32.0       0.238487     180.000000     360.000000      45.000000      45.000000      90.000000      90.000000
     20.00      0.00      12.000000       0.000000       0.000000        32      31.0      32.0       0.238487     180.000000     360.000000      45.000000      45.000000      90.000000      90.000000
     20.00      5.00       7.506030       0.000000       0.000000        32      31.0      32.0       0.238487     180.000000     360.000000      45.000000      45.000000      90.000000      90.000000
     20.00     10.00       3.012060       0.000000       0.000000        32      31.0      32.0       0.238487     180.000000     360.000000      45.000000      45.000000      90.000000      90.000000
     30.00    -20.00      29.975880       0.000000       0.000000        32      31.0      32.0       0.238487     180.000000     360.000000      45.000000      45.000000      90.000000      90.000000
     30.00    -15.00      25.481911       0.000000       0.000000        32      31.0      32.0       0.238487     180.000000     360.000000      45.000000      45.000000      90.000000      90.000000
     30.00    -10.00      20.987940       0.000000       0.000000        32      31.0      32.0       0.238487     180.000000     360.000000      45.000000      45.000000      90.000000      90.000000
     30.00     -5.00      16.493971       0.000000       0.000000        32      31.0      32.0       0.238487     180.000000     360.000000      45.000000      45.000000      90.000000      90.000000
     30.00      0.00      12.000000       0.000000       0.000000        32      31.0      32.0       0.238487     180.000000     360.000000      45.000000      45.000000      90.000000      90.000000
     30.00      5.00       7.506030       0.000000       0.000000        32      31.0      32.0       0.238487     180.000000     360.000000      45.000000      45.000000      90.000000      90.000000
     30.00     10.00       3.012060       0.000000       0.000000        32      31.0      32.0       0.238487     180.000000     360.000000      45.000000      45.000000      90.000000      90.000000
     40.00    -20.00      29.975880       0.000000       0.000000        32      31.0      32.0       0.238487     180.000000     360.000000      45.000000      45.000000      90.000000      90.000000
     40.00    -15.00      25.481911       0.000000       0.000000        32      31.0      32.0       0.238487     180.000000     360.000000      45.000000      45.000000      90.000000      90.000000
     40.00    -10.00      20.987940       0.000000       0.000000        32      31.0      32.0       0.238487     180.000000     360.000000      45.000000      45.000000      90.000000      90.000000
     40.00     -5.00      16.493971       0.000000       0.000000        32      31.0      32.0       0.238487     180.000000     360.000000      45.000000      45.000000      90.000000      90.000000
     40.00      0.00      12.000000       0.000000       0.000000        32      31.0      32.0       0.238487     180.000000     360.000000      45.000000      45.000000      90.000000      90.000000
     40.00      5.00       7.506030       0.000000       0.000000        32      31.0      32.0       0.238487     180.000000     360.000000      45.000000      45.000000      90.000000      90.000000
     40.00     10.00       3.012060       0.000000       0.000000        32      31.0      32.0       0.238487     180.000000     360.000000      45.000000      45.000000      90.000000      90.000000
     50.00    -20.00      29.975880       0.000000       0.000000        32      31.0      32.0       0.238487     180.000000     360.000000      45.000000      45.000000      90.000000      90.000000
     50.00    -15.00      25.481911       0.000000       0.000000        32      31.0      32.0       0.238487     180.000000     360.000000      45.000000      45.000000      90.000000      90.000000
     50.00    -10.00      20.987940       0.000000       0.000000        32      31.0      32.0       0.238487     180.000000     360.000000      45.000000      45.000000      90.000000      90.000000
     50.00     -5.00      16.493971       0.000000       0.000000        32      31.0      32.0       0.238487     180.000000     360.000000      45.000000      45.000000      90.000000      90.000000
     50.00      0.00      12.000000       0.000000       0.000000        32      31.0      32.0       0.238487     180.000000     360.000000      45.000000      45.000000      90.000000      90.000000
     50.00      5.00       7.506030       0.000000       0.000000        32      31.0      32.0       0.238487     180.000000     360.000000      45.000000      45.000000      90.000000      90.000000
     50.00     10.00       3.012060       0.000000       0.000000        32      31.0      32.0       0.238487     180.000000     360.000000      45.000000      45.000000      90.000000      90.000000
     60.00    -20.00      29.975880       0.000000       0.000000        32      31.0      32.0       0.238487     180.000000     360.000000      45.000000      45.000000      90.000000      90.000000
     60.00    -15.00      25.481911       0.000000       0.000000        32      31.0      32.0       0.238487     180.000000     360.000000      45.000000      45.000000      90.000000      90.000000
     60.00    -10.00      20.987940       0.000000       0.000000        32      31.0      32.0       0.238487     180.000000     360.000000      45.000000      45.000000      90.000000      90.000000
     60.00     -5.00      16.493971       0.000000       0.000000        32      31.0      32.0       0.238487     180.000000     360.000000      45.000000      45.000000      90.000000      90.000000
     60.00      0.00      12.000000       0.000000       0.000000        32      31.0      32.0       0.238487     180.000000     360.000000      45.000000      45.000000      90.000000      90.000000
     60.00      5.00       7.506030       0.000000       0.000000        32      31.0      32.0       0.238487     180.000000     360.000000      45.000000      45.000000      90.000000      90.000000
     60.00     10.00       3.012060       0.000000       0.000000        32      31.0      32.0       0.238487     180.000000     360.000000      45.000000      45.000000      90.000000      90.000000
     70.00    -20.00      29.975880       0.000000       0.000000        32      31.0      32.0       0.238487     180.000000     360.000000      45.000000      45.000000      90.000000      90.000000
     70.00    -15.00      25.481911       0.000000       0.000000        32      31.0      32.0       0.238487     180.000000     360.000000      45.000000      45.000000      90.000000      90.000000
     70.00    -10.00      20.987940       0.000000       0.000000        32      31.0      32.0       0.238487     180.000000     360.000000      45.000000      45.000000      90.000000      90.000000
     70.00     -5.00      16.493971       0.000000       0.000000        32      31.0      32.0       0.238487     180.000000     360.000000      45.000000      45.000000      90.000000      90.000000
     70.00      0.00      12.000000       0.000000       0.000000        32      31.0      32.0       0.238487     180.000000     360.000000      45.000000      45.000000      90.000000      90.000000
     70.00      5.00       7.506030       0.000000       0.000000        32      31.0      32.0       0.238487     180.000000     360.000000      45.000000      45.000000      90.000000      90.000000
     70.00     10.00       3.012060       0.000000       0.000000        32      31.0      32.0       0.238487     180.000000     360.000000      45.000000      45.000000      90.000000      90.000000
     80.00    -20.00      29.975880       0.000000       0.000000        32      31.0      32.0       0.238487     180.000000     360.000000      45.000000      45.000000      90.000000      90.000000
     80.00    -15.00      25.481911       0.000000       0.000000        32      31.0      32.0       0.238487     180.000000     360.000000      45.000000      45.000000      90.000000      90.000000
     80.00    -10.00      20.987940       0.000000       0.000000        32      31.0      32.0       0.238487     180.000000     360.000000      45.000000      45.000000      90.000000      90.000000
     80.00     -5.00      16.493971       0.000000       0.000000        32      31.0      32.0       0.238487     180.000000     360.000000      45.000000      45.000000      90.000000      90.000000
     80.00      0.00      12.000000       0.000000       0.000000        32      31.0      32.0       0.238487     180.000000     360.000000      45.000000      45.000000      90.000000      90.000000
     80.00      5.00       7.506030       0.000000       0.000000        32      31.0      32.0       0.238487     180.000000     360.000000      45.000000      45.000000      90.000000      90.000000
     80.00     10.00       3.012060       0.000000       0.000000        32      31.0      32.0       0.238487     180.000000     360.000000      45.000000      45.000000      90.000000      90.000000
     90.00    -20.00      29.975880       0.000000       0.000000        32      31.0      32.0       0.238487     180.000000     360.000000      45.000000      45.000000      90.000000      90.000000
     90.00    -15.00      25.481911       0.000000       0.000000        32      31.0      32.0       0.238487     180.000000     360.000000      45.000000      45.000000      90.000000      90.000000
     90.00    -10.00      20.987940       0.000000       0.000000        32      31.0      32.0       0.238487     180.000000     360.000000      45.000000      45.000000      90.000000      90.000000
     90.00     -5.00      16.493971       0.000000       0.000000        32      31.0      32.0       0.238487     180.000000     360.000000      45.000000      45.000000      90.000000      90.000000
     90.00      0.00      12.000000       0.000000       0.000000        32      31.0      32.0       0.238487     180.000000     360.000000      45.000000      45.000000      90.000000      90.000000
     90.00      5.00       7.506030       0.000000       0.000000        32      31.0      32.0       0.238487     180.000000     360.000000      45.000000      45.000000      90.000000      90.000000
     90.00     10.00       3.012060       0.000000       0.000000        32      31.0      32.0       0.238487     180.000000     360.000000      45.000000      45.000000      90.000000      90.000000
    100.00    -20.00      29.975880       0.000000       0.000000        32      31.0      32.0       0.238487     180.000000     360.000000      45.000000      45.000000      90.000000      90.000000
    100.00    -15.00      25.481911       0.000000       0.000000        32      31.0      32.0       0.238487     180.000000     360.000000      45.000000      45.000000      90.000000      90.000000
    100.00    -10.00      20.987940       0.000000       0.000000        32      31.0      32.0       0.238487     180.000000     360.000000      45.000000      45.000000      90.000000      90.000000
    100.00     -5.00      16.493971       0.000000       0.000000        32      31.0      32.0       0.238487     180.000000     360.000000      45.000000      45.000000      90.000000      90.000000
    100.00      0.00      12.000000       0.000000       0.000000        32      31.0      32.0       0.238487     180.000000     360.000000      45.000000      45.000000      90.000000      90.000000
    100.00      5.00       7.506030       0.000000       0.000000        32      31.0      32.0       0.238487     180.000000     360.000000      45.000000      45.000000      90.000000      90.000000
    100.00     10.00       3.012060       0.000000       0.000000        32      31.0      32.0       0.238487     180.000000     360.000000      45.000000      45.000000      90.000000      90.000000
