      xloc      yloc          depth         ave SR         max SR         #     start       end     max SR all       strike 1       strike 2          dip 1          dip 2         rake 1         rake 2
    -60.00    -20.00      29.975880       0.025143       0.025143        18      17.0      18.0       0.238487     125.169998       9.500000      83.400002      14.940000    -103.440002     -26.450001
    -60.00    -15.00      25.481911       0.042542       0.042542        18      17.0      18.0       0.238487      -0.170000     102.540001      19.570000      85.529999     -13.460000    -109.070000
    -60.00    -10.00      20.987940       0.041339       0.041339        18      17.0      18.0       0.238487     100.070000     336.269989      79.650002      18.180000    -105.029999     -35.169998
    -60.00     -5.00      16.493971       0.029209       0.029209        18      17.0      18.0       0.238487     120.110001     349.769989      74.949997      22.559999    -107.010002     -42.599998
    -60.00      0.00      12.000000       0.023597       0.023597        18      17.0      18.0       0.238487     141.619995      29.340000      52.700001      63.540001    -145.940002     -42.599998
    -60.00      5.00       7.506030       0.023423       0.023423        18      17.0      18.0       0.238487     150.470001      32.540001      44.820000      65.040001    -143.229996     -51.480000
    -60.00     10.00       3.012060       0.016738       0.016738        18      17.0      18.0       0.238487     147.589996      17.469999      46.220001      56.090000    -129.389999     -56.490002
    -50.00    -20.00      29.975880       0.025890       0.025890        18      17.0      18.0       0.238487      93.070000     338.790009      85.769997      10.190000     -99.279999     -24.620001
    -50.00    -15.00      25.481911       0.053242       0.053242        18      17.0      18.0       0.238487      93.809998     308.739990      81.550003      10.270000     -95.860001     -55.509998
    -50.00    -10.00      20.987940       0.054510       0.054510        18      17.0      18.0       0.238487      96.160004     304.619995      76.570000      15.190000     -97.180000     -62.380001
    -50.00     -5.00      16.493971       0.040898       0.040898        18      17.0      18.0       0.238487      95.349998     320.619995      79.239998      15.110000    -100.680000     -45.740002
    -50.00      0.00      12.000000       0.035631       0.035631        18      17.0      18.0       0.238487     137.050003      24.270000      64.529999      50.880001    -135.669998     -33.660000
    -50.00      5.00       7.506030       0.032399       0.032399        18      17.0      18.0       0.238487     146.759995      33.470001      50.799999      64.139999    -145.740005     -44.619999
    -50.00     10.00       3.012060       0.025470       0.025470        18      17.0      18.0       0.238487     148.419998      17.680000      58.480000      43.220001    -121.250000     -49.770000
    -40.00    -20.00      29.975880       0.031194       0.031194        18      17.0      18.0       0.238487      61.049999     280.809998      87.000000       3.890000     -92.489998     -50.310001
    -40.00    -15.00      25.481911       0.055749       0.055749        18      17.0      18.0       0.238487      73.839996     254.020004      77.709999      12.290000     -90.040001     -89.820000
    -40.00    -10.00      20.987940       0.054936       0.054936        18      17.0      18.0       0.238487      75.110001     264.450012      72.160004      18.070000     -92.879997     -81.120003
    -40.00     -5.00      16.493971       0.041978       0.041978        18      17.0      18.0       0.238487      80.070000     265.959991      73.570000      16.510000     -91.669998     -84.349998
    -40.00      0.00      12.000000       0.030284       0.030284        18      17.0      18.0       0.238487     144.660004      31.240000      59.630001      55.860001    -139.429993     -37.650002
    -40.00      5.00       7.506030       0.027657       0.027657        18      17.0      18.0       0.238487     140.210007      30.110001      69.110001      47.990002    -134.250000     -28.680000
    -40.00     10.00       3.012060       0.022250       0.022250        18      17.0      18.0       0.238487     147.100006      25.530001      61.700001      45.810001    -127.650002     -41.400002
    -30.00    -20.00      29.975880       0.036258       0.036258        18      17.0      18.0       0.238487      43.230000     297.010010      80.480003      30.980000    -119.620003     -18.750000
    -30.00    -15.00      25.481911       0.056933       0.056933        18      17.0      18.0       0.238487      50.630001     285.640015      70.690002      31.420000    -115.279999     -39.369999
    -30.00    -10.00      20.987940       0.047571       0.047571        18      17.0      18.0       0.238487      59.970001     279.140015      57.459999      39.459999    -113.669998     -57.820000
    -30.00     -5.00      16.493971       0.026323       0.026323        18      17.0      18.0       0.238487      76.489998     272.910004      48.200001      42.980000    -101.110001     -77.839996
    -30.00      0.00      12.000000       0.009981       0.009981        18      17.0      18.0       0.238487     197.839996       2.140000      66.559998      24.250000     -83.620003    -104.379997
    -30.00      5.00       7.506030       0.019785       0.019785        18      17.0      18.0       0.238487     305.869995     212.729996      35.810001      87.739998    -176.130005     -54.250000
    -30.00     10.00       3.012060       0.018369       0.018369        18      17.0      18.0       0.238487     303.609985      39.029999      55.919998      82.059998     170.399994      34.459999
    -20.00    -20.00      29.975880       0.023897       0.023897        18      17.0      18.0       0.238487     293.589996      32.340000      51.200001      79.300003     -13.790000    -140.380005
    -20.00    -15.00      25.481911       0.001749       0.001749        18      17.0      18.0       0.238487     102.019997     333.529999      70.699997      29.370001      67.419998     137.630005
    -20.00    -10.00      20.987940       0.000000       0.000000        18      17.0      18.0       0.238487     180.000000     360.000000      45.000000      45.000000      90.000000      90.000000
    -20.00     -5.00      16.493971       0.000000       0.000000        18      17.0      18.0       0.238487     180.000000     360.000000      45.000000      45.000000      90.000000      90.000000
    -20.00      0.00      12.000000       0.000000       0.000000        18      17.0      18.0       0.238487     180.000000     360.000000      45.000000      45.000000      90.000000      90.000000
    -20.00      5.00       7.506030       0.000000       0.000000        18      17.0      18.0       0.238487     180.000000     360.000000      45.000000      45.000000      90.000000      90.000000
    -20.00     10.00       3.012060       0.000000       0.000000        18      17.0      18.0       0.238487     180.000000     360.000000      45.000000      45.000000      90.000000      90.000000
    -10.00    -20.00      29.975880       0.010783       0.010783        18      17.0      18.0       0.238487      89.720001     246.330002      70.680000      20.900000     -81.860001    -112.010002
    -10.00    -15.00      25.481911       0.000000       0.000000        18      17.0      18.0       0.238487     180.000000     360.000000      45.000000      45.000000      90.000000      90.000000
    -10.00    -10.00      20.987940       0.000000       0.000000        18      17.0      18.0       0.238487     180.000000     360.000000      45.000000      45.000000      90.000000      90.000000
    -10.00     -5.00      16.493971       0.000000       0.000000        18      17.0      18.0       0.238487     180.000000     360.000000      45.000000      45.000000      90.000000      90.000000
    -10.00      0.00      12.000000       0.000000       0.000000        18      17.0      18.0       0.238487     180.000000     360.000000      45.000000      45.000000      90.000000      90.000000
    -10.00      5.00       7.506030       0.000000       0.000000        18      17.0      18.0       0.238487     180.000000     360.000000      45.000000      45.000000      90.000000      90.000000
    -10.00     10.00       3.012060       0.000000       0.000000        18      17.0      18.0       0.238487     180.000000     360.000000      45.000000      45.000000      90.000000      90.000000
      0.00    -20.00      29.975880       0.014527       0.014527        18      17.0      18.0       0.238487      73.110001     219.690002      78.419998      13.790000     -82.449997    -122.660004
      0.00    -15.00      25.481911       0.000000       0.000000        18      17.0      18.0       0.238487     180.000000     360.000000      45.000000      45.000000      90.000000      90.000000
      0.00    -10.00      20.987940       0.000000       0.000000        18      17.0      18.0       0.238487     180.000000     360.000000      45.000000      45.000000      90.000000      90.000000
      0.00     -5.00      16.493971       0.000000       0.000000        18      17.0      18.0       0.238487     180.000000     360.000000      45.000000      45.000000      90.000000      90.000000
      0.00      0.00      12.000000       0.000000       0.000000        18      17.0      18.0       0.238487     180.000000     360.000000      45.000000      45.000000      90.000000      90.000000
      0.00      5.00       7.506030       0.000000       0.000000        18      17.0      18.0       0.238487     180.000000     360.000000      45.000000      45.000000      90.000000      90.000000
      0.00     10.00       3.012060       0.000000       0.000000        18      17.0      18.0       0.238487     180.000000     360.000000      45.000000      45.000000      90.000000      90.000000
     10.00    -20.00      29.975880       0.017455       0.017455        18      17.0      18.0       0.238487     105.709999     246.559998      56.400002      40.590000     -65.750000    -121.730003
     10.00    -15.00      25.481911       0.000000       0.000000        18      17.0      18.0       0.238487     180.000000     360.000000      45.000000      45.000000      90.000000      90.000000
     10.00    -10.00      20.987940       0.000000       0.000000        18      17.0      18.0       0.238487     180.000000     360.000000      45.000000      45.000000      90.000000      90.000000
     10.00     -5.00      16.493971       0.000000       0.000000        18      17.0      18.0       0.238487     180.000000     360.000000      45.000000      45.000000      90.000000      90.000000
     10.00      0.00      12.000000       0.000000       0.000000        18      17.0      18.0       0.238487     180.000000     360.000000      45.000000      45.000000      90.000000      90.000000
     10.00      5.00       7.506030       0.000000       0.000000        18      17.0      18.0       0.238487     180.000000     360.000000      45.000000      45.000000      90.000000      90.000000
     10.00     10.00       3.012060       0.000000       0.000000        18      17.0      18.0       0.238487     180.000000     360.000000      45.000000      45.000000      90.000000      90.000000
     20.00    -20.00      29.975880       0.027461       0.027461        18      17.0      18.0       0.238487      48.380001     272.619995       6.120000      85.610001      45.919998      94.269997
     20.00    -15.00      25.481911       0.001340       0.001340        18      17.0      18.0       0.238487     137.100006     358.059998      77.680000      16.129999      79.500000     129.830002
     20.00    -10.00      20.987940       0.000000       0.000000        18      17.0      18.0       0.238487     180.000000     360.000000      45.000000      45.000000      90.000000      90.000000
     20.00     -5.00      16.493971       0.000000       0.000000        18      17.0      18.0       0.238487     180.000000     360.000000      45.000000      45.000000      90.000000      90.000000
     20.00      0.00      12.000000       0.000000       0.000000        18      17.0      18.0       0.238487     180.000000     360.000000      45.000000      45.000000      90.000000      90.000000
     20.00      5.00       7.506030       0.000000       0.000000        18      17.0      18.0       0.238487     180.000000     360.000000      45.000000      45.000000      90.000000      90.000000
     20.00     10.00       3.012060       0.000000       0.000000        18      17.0      18.0       0.238487     180.000000     360.000000      45.000000      45.000000      90.000000      90.000000
     30.00    -20.00      29.975880       0.017001       0.017001        18      17.0      18.0       0.238487       1.280000     262.970001      72.760002      65.010002      26.250000     160.919998
     30.00    -15.00      25.481911       0.033230       0.033230        18      17.0      18.0       0.238487     -76.260002      27.540001      10.900000      87.370003     165.949997      79.419998
     30.00    -10.00      20.987940       0.050041       0.050041        18      17.0      18.0       0.238487     220.839996      87.809998      86.120003       5.680000     -94.150002     -43.169998
     30.00     -5.00      16.493971       0.041043       0.041043        18      17.0      18.0       0.238487     223.240005      42.779999      81.620003       8.380000     -89.930000     -90.449997
     30.00      0.00      12.000000       0.039378       0.039378        18      17.0      18.0       0.238487     245.729996     336.130005      89.769997      29.590000     -60.410000    -179.539993
     30.00      5.00       7.506030       0.047603       0.047603        18      17.0      18.0       0.238487     249.460007       9.460000      74.239998      29.440001     -64.800003    -146.449997
     30.00     10.00       3.012060       0.058025       0.058025        18      17.0      18.0       0.238487      57.259998     274.239990      22.230000      71.919998    -124.879997     -76.849998
     40.00    -20.00      29.975880       0.018121       0.018121        18      17.0      18.0       0.238487      95.199997       4.440000      87.400002      73.739998    -163.720001      -2.710000
     40.00    -15.00      25.481911       0.029286       0.029286        18      17.0      18.0       0.238487     281.820007     186.580002      60.349998      80.889999    -169.500000     -30.070000
     40.00    -10.00      20.987940       0.042717       0.042717        18      17.0      18.0       0.238487     304.859985     203.690002      37.910000      81.419998    -165.940002     -52.930000
     40.00     -5.00      16.493971       0.054842       0.054842        18      17.0      18.0       0.238487     312.519989     214.610001      37.810001      83.900002    -170.009995     -52.610001
     40.00      0.00      12.000000       0.064277       0.064277        18      17.0      18.0       0.238487     317.700012     223.050003      54.380001      83.550003    -172.059998     -35.880001
     40.00      5.00       7.506030       0.077743       0.077743        18      17.0      18.0       0.238487     323.619995     221.100006      63.750000      66.279999    -153.350006     -28.889999
     40.00     10.00       3.012060       0.081158       0.081158        18      17.0      18.0       0.238487     327.869995     219.320007      69.360001      49.830002    -136.429993     -27.469999
     50.00    -20.00      29.975880       0.021517       0.021517        18      17.0      18.0       0.238487     108.970001      10.520000      73.010002      64.300003    -153.039993     -18.920000
     50.00    -15.00      25.481911       0.040816       0.040816        18      17.0      18.0       0.238487     112.940002      14.250000      68.379997      69.129997    -157.470001     -23.219999
     50.00    -10.00      20.987940       0.046780       0.046780        18      17.0      18.0       0.238487     116.809998     206.839996      89.470001      87.169998     177.169998       0.530000
     50.00     -5.00      16.493971       0.065804       0.065804        18      17.0      18.0       0.238487     306.100006     215.589996      77.019997      87.820000    -177.759995     -12.990000
     50.00      0.00      12.000000       0.086242       0.086242        18      17.0      18.0       0.238487     311.750000     221.380005      79.309998      88.050003    -178.009995     -10.690000
     50.00      5.00       7.506030       0.105184       0.105184        18      17.0      18.0       0.238487     315.420013     223.919998      82.279999      79.110001    -169.009995      -7.860000
     50.00     10.00       3.012060       0.102703       0.102703        18      17.0      18.0       0.238487     318.670013     225.669998      81.900002      69.800003    -159.589996      -8.630000
     60.00    -20.00      29.975880       0.029263       0.029263        18      17.0      18.0       0.238487     117.349998      16.410000      67.790001      65.059998    -152.899994     -24.629999
     60.00    -15.00      25.481911       0.051567       0.051567        18      17.0      18.0       0.238487     117.370003      21.820000      61.049999      80.089996    -168.649994     -29.430000
     60.00    -10.00      20.987940       0.071079       0.071079        18      17.0      18.0       0.238487     119.690002      29.120001      66.360001      88.699997    -178.580002     -23.639999
     60.00     -5.00      16.493971       0.088304       0.088304        18      17.0      18.0       0.238487     126.320000      36.049999      73.449997      89.110001    -179.070007     -16.549999
     60.00      0.00      12.000000       0.113026       0.113026        18      17.0      18.0       0.238487     131.410004      40.980000      78.300003      87.940002    -177.899994     -11.710000
     60.00      5.00       7.506030       0.133165       0.133165        18      17.0      18.0       0.238487     134.050003     224.210007      79.680000      89.120003     179.110001      10.320000
     60.00     10.00       3.012060       0.131250       0.131250        18      17.0      18.0       0.238487     135.389999     225.630005      82.220001      88.209999     178.190002       7.790000
     70.00    -20.00      29.975880       0.031594       0.031594        18      17.0      18.0       0.238487     119.040001      20.680000      62.619999      74.320000    -162.289993     -28.530001
     70.00    -15.00      25.481911       0.053344       0.053344        18      17.0      18.0       0.238487     119.290001      26.049999      61.130001      84.160004    -173.330002     -29.040001
     70.00    -10.00      20.987940       0.078911       0.078911        18      17.0      18.0       0.238487     122.690002     213.009995      61.250000      89.410004     179.330002      28.760000
     70.00     -5.00      16.493971       0.101306       0.101306        18      17.0      18.0       0.238487     127.510002      37.209999      61.790001      89.440002    -179.369995     -28.209999
     70.00      0.00      12.000000       0.126158       0.126158        18      17.0      18.0       0.238487     132.460007      41.959999      64.129997      88.959999    -178.839996     -25.879999
     70.00      5.00       7.506030       0.143497       0.143497        18      17.0      18.0       0.238487     134.399994      44.259998      71.830002      89.570000    -179.539993     -18.170000
     70.00     10.00       3.012060       0.143859       0.143859        18      17.0      18.0       0.238487     136.009995      45.320000      76.879997      87.050003    -176.970001     -13.140000
     80.00    -20.00      29.975880       0.033010       0.033010        18      17.0      18.0       0.238487     124.620003     215.770004      65.000000      87.529999     177.270004      25.030001
     80.00    -15.00      25.481911       0.046602       0.046602        18      17.0      18.0       0.238487     124.010002      31.690001      68.190002      84.230003    -173.779999     -21.930000
     80.00    -10.00      20.987940       0.062161       0.062161        18      17.0      18.0       0.238487     124.809998      33.939999      68.160004      87.830002    -177.660004     -21.860001
     80.00     -5.00      16.493971       0.081150       0.081150        18      17.0      18.0       0.238487     129.080002      36.880001      61.590000      85.949997    -175.389999     -28.490000
     80.00      0.00      12.000000       0.106433       0.106433        18      17.0      18.0       0.238487     133.380005      42.410000      61.130001      88.230003    -177.979996     -28.889999
     80.00      5.00       7.506030       0.122835       0.122835        18      17.0      18.0       0.238487     135.169998     225.289993      67.080002      89.730003     179.710007      22.920000
     80.00     10.00       3.012060       0.127957       0.127957        18      17.0      18.0       0.238487     136.830002     226.970001      67.199997      89.660004     179.639999      22.799999
     90.00    -20.00      29.975880       0.019945       0.019945        18      17.0      18.0       0.238487     137.500000      46.490002      86.879997      72.169998    -162.139999      -3.280000
     90.00    -15.00      25.481911       0.026563       0.026563        18      17.0      18.0       0.238487     150.320007      21.059999      58.340000      44.259998    -122.699997     -48.779999
     90.00    -10.00      20.987940       0.029540       0.029540        18      17.0      18.0       0.238487     157.830002      12.440000      53.639999      41.820000    -112.260002     -62.779999
     90.00     -5.00      16.493971       0.040701       0.040701        18      17.0      18.0       0.238487     136.059998      36.419998      62.270000      72.330002    -159.949997     -29.230000
     90.00      0.00      12.000000       0.058773       0.058773        18      17.0      18.0       0.238487     134.419998      43.970001      61.130001      89.180000    -179.059998     -28.870001
     90.00      5.00       7.506030       0.074450       0.074450        18      17.0      18.0       0.238487     134.839996     229.940002      60.410000      81.110001     169.759995      29.990000
     90.00     10.00       3.012060       0.079914       0.079914        18      17.0      18.0       0.238487     136.990005     232.070007      58.610001      81.730003     170.300003      31.750000
    100.00    -20.00      29.975880       0.000000       0.000000        18      17.0      18.0       0.238487     180.000000     360.000000      45.000000      45.000000      90.000000      90.000000
    100.00    -15.00      25.481911       0.000000       0.000000        18      17.0      18.0       0.238487     180.000000     360.000000      45.000000      45.000000      90.000000      90.000000
    100.00    -10.00      20.987940       0.000000       0.000000        18      17.0      18.0       0.238487     180.000000     360.000000      45.000000      45.000000      90.000000      90.000000
    100.00     -5.00      16.493971       0.000000       0.000000        18      17.0      18.0       0.238487     180.000000     360.000000      45.000000      45.000000      90.000000      90.000000
    100.00      0.00      12.000000       0.000000       0.000000        18      17.0      18.0       0.238487     180.000000     360.000000      45.000000      45.000000      90.000000      90.000000
    100.00      5.00       7.506030       0.000000       0.000000        18      17.0      18.0       0.238487     180.000000     360.000000      45.000000      45.000000      90.000000      90.000000
    100.00     10.00       3.012060       0.000000       0.000000        18      17.0      18.0       0.238487     180.000000     360.000000      45.000000      45.000000      90.000000      90.000000
