   0.000     0.0000E+00       0.000000       0.000000       0.000000       0.000000       0.000000       0.000000
   0.100     0.1290E+00       1.864302      -2.301241       0.436939      -0.582164       1.391521      -0.088078
   0.200     0.2579E+00       3.728604      -4.602482       0.873879      -1.164328       2.783042      -0.176157
   0.300     0.3869E+00       5.592905      -6.903723       1.310818      -1.746492       4.174563      -0.264235
   0.400     0.5158E+00       7.457207      -9.204965       1.747758      -2.328657       5.566084      -0.352313
   0.500     0.6448E+00       9.321509     -11.506207       2.184697      -2.910820       6.957606      -0.440392
   0.600     0.7737E+00      11.185810     -13.807446       2.621636      -3.492985       8.349126      -0.528470
   0.700     0.9809E+00      14.034812     -16.962719       2.927907      -6.185472      10.244819      -0.138522
   0.800     0.1195E+01      16.883808     -20.117985       3.234178      -8.877961      12.140511       0.251425
   0.900     0.1412E+01      19.732809     -23.273258       3.540448     -11.570450      14.036202       0.641373
   1.000     0.1630E+01      22.581810     -26.428528       3.846719     -14.262938      15.931894       1.031321
   1.100     0.1851E+01      25.430811     -29.583799       4.152989     -16.955427      17.827587       1.421269
   1.200     0.2072E+01      28.279808     -32.739067       4.459259     -19.647915      19.723278       1.811216
   1.300     0.2290E+01      31.465576     -36.230240       4.764662     -22.828300      20.235147       2.604044
   1.400     0.2510E+01      34.651340     -39.721405       5.070064     -26.008682      20.747013       3.396871
   1.500     0.2732E+01      37.837109     -43.212574       5.375465     -29.189064      21.258881       4.189698
   1.600     0.2956E+01      41.022869     -46.703735       5.680867     -32.369450      21.770744       4.982525
   1.700     0.3181E+01      44.208641     -50.194912       5.986269     -35.549835      22.282616       5.775353
   1.800     0.3407E+01      47.394413     -53.686085       6.291672     -38.730221      22.794479       6.568181
   1.900     0.3786E+01      52.646347     -59.155724       6.509376     -44.131149      23.827991       8.425030
   2.000     0.4167E+01      57.898289     -64.625366       6.727078     -49.532070      24.861500      10.281882
   2.100     0.4551E+01      63.150246     -70.095024       6.944781     -54.932995      25.895012      12.138736
   2.200     0.4936E+01      68.402176     -75.564659       7.162485     -60.333920      26.928522      13.995585
   2.300     0.5322E+01      73.654129     -81.034317       7.380188     -65.734840      27.962030      15.852435
   2.400     0.5709E+01      78.906067     -86.503960       7.597892     -71.135757      28.995537      17.709284
   2.500     0.6039E+01      83.601059     -92.103432       8.502376     -75.000252      29.884026      19.420744
   2.600     0.6369E+01      88.296059     -97.702919       9.406857     -78.864754      30.772518      21.132200
   2.700     0.6699E+01      92.991013    -103.302353      10.311340     -82.729233      31.661003      22.843658
   2.800     0.7030E+01      97.686012    -108.901840      11.215824     -86.593727      32.549492      24.555113
   2.900     0.7361E+01     102.380974    -114.501282      12.120305     -90.458221      33.437981      26.266571
   3.000     0.7692E+01     107.075958    -120.100746      13.024785     -94.322708      34.326469      27.978027
   3.100     0.7862E+01     109.127983    -122.867928      13.739943     -96.442657      34.952423      29.240297
   3.200     0.8032E+01     111.179955    -125.635040      14.455089     -98.562561      35.578373      30.502556
   3.300     0.8202E+01     113.231964    -128.402206      15.170237    -100.682487      36.204315      31.764814
   3.400     0.8372E+01     115.283936    -131.169327      15.885386    -102.802399      36.830269      33.027077
   3.500     0.8542E+01     117.335907    -133.936447      16.600538    -104.922318      37.456211      34.289337
   3.600     0.8712E+01     119.387886    -136.703568      17.315687    -107.042221      38.082153      35.551590
   3.700     0.8894E+01     121.226089    -139.746155      18.520065    -110.038757      37.411289      36.571972
   3.800     0.9075E+01     123.064270    -142.788712      19.724442    -113.035278      36.740414      37.592346
   3.900     0.9258E+01     124.902473    -145.831299      20.928818    -116.031807      36.069542      38.612728
   4.000     0.9441E+01     126.740677    -148.873871      22.133198    -119.028328      35.398666      39.633110
   4.100     0.9625E+01     128.578857    -151.916428      23.337576    -122.024841      34.727798      40.653481
   4.200     0.9810E+01     130.417038    -154.958984      24.541950    -125.021347      34.056911      41.673851
   4.300     0.9824E+01     131.040771    -156.215317      25.174541    -124.725258      32.254414      42.344875
   4.400     0.9839E+01     131.664429    -157.471558      25.807131    -124.429153      30.451906      43.015888
   4.500     0.9855E+01     132.288162    -158.727890      26.439722    -124.133034      28.649399      43.686909
   4.600     0.9873E+01     132.911850    -159.984161      27.072308    -123.836952      26.846893      44.357937
   4.700     0.9892E+01     133.535553    -161.240463      27.704906    -123.540825      25.044380      45.028954
   4.800     0.9913E+01     134.159225    -162.496704      28.337475    -123.244705      23.241871      45.699955
   4.900     0.9961E+01     135.665787    -164.278381      28.612591    -123.081978      21.073168      46.005791
   5.000     0.1001E+02     137.172302    -166.059998      28.887688    -122.919212      18.904448      46.311623
   5.100     0.1006E+02     138.678955    -167.841736      29.162788    -122.756447      16.735737      46.617443
   5.200     0.1012E+02     140.185516    -169.623413      29.437889    -122.593689      14.567013      46.923283
   5.300     0.1017E+02     141.692108    -171.405106      29.712994    -122.430946      12.398296      47.229111
   5.400     0.1023E+02     143.198639    -173.186737      29.988094    -122.268188      10.229587      47.534943
   5.500     0.1009E+02     141.639404    -171.360107      29.720709    -119.457207       8.871001      48.135811
   5.600     0.9942E+01     140.080048    -169.533340      29.453291    -116.646194       7.512417      48.736656
   5.700     0.9800E+01     138.520691    -167.706573      29.185883    -113.835144       6.153831      49.337513
   5.800     0.9659E+01     136.961380    -165.879852      28.918470    -111.024147       4.795250      49.938366
   5.900     0.9519E+01     135.402008    -164.053070      28.651066    -108.213127       3.436669      50.539215
   6.000     0.9381E+01     133.842712    -162.226364      28.383656    -105.402107       2.078089      51.140064
   6.100     0.9202E+01     129.778931    -158.540375      28.761448    -104.202248      -0.318498      51.383274
   6.200     0.9027E+01     125.715096    -154.854340      29.139236    -103.002373      -2.715093      51.626461
   6.300     0.8856E+01     121.651306    -151.168335      29.517025    -101.802498      -5.111675      51.869659
   6.400     0.8689E+01     117.587555    -147.482376      29.894819    -100.602661      -7.508259      52.112854
   6.500     0.8526E+01     113.523796    -143.796387      30.272596     -99.402794      -9.904844      52.356049
   6.600     0.8368E+01     109.459976    -140.110367      30.650385     -98.202942     -12.301427      52.599239
   6.700     0.8151E+01     104.643898    -135.849472      31.205572     -95.524979     -15.067049      52.827011
   6.800     0.7940E+01      99.827873    -131.588638      31.760769     -92.847069     -17.832655      53.054810
   6.900     0.7736E+01      95.011841    -127.327812      32.315971     -90.169136     -20.598261      53.282608
   7.000     0.7539E+01      90.195816    -123.066994      32.871178     -87.491234     -23.363869      53.510418
   7.100     0.7350E+01      85.379791    -118.806175      33.426384     -84.813309     -26.129471      53.738220
   7.200     0.7168E+01      80.563782    -114.545387      33.981606     -82.135422     -28.895096      53.966045
   7.300     0.7057E+01      77.569252    -113.189926      35.620678     -79.080238     -31.045998      54.213017
   7.400     0.6951E+01      74.574654    -111.834389      37.259735     -76.025024     -33.196896      54.459969
   7.500     0.6853E+01      71.580070    -110.478882      38.898815     -72.969818     -35.347794      54.706917
   7.600     0.6760E+01      68.585510    -109.123398      40.537888     -69.914604     -37.498688      54.953873
   7.700     0.6674E+01      65.590912    -107.767883      42.176975     -66.859383     -39.649593      55.200829
   7.800     0.6594E+01      62.596310    -106.412323      43.816013     -63.804150     -41.800461      55.447754
   7.900     0.6412E+01      56.445400    -102.694870      46.249474     -59.814842     -43.006264      55.968716
   8.000     0.6243E+01      50.294518     -98.977448      48.682930     -55.825539     -44.212070      56.489677
   8.100     0.6086E+01      44.143570     -95.259964      51.116398     -51.836205     -45.417881      57.010632
   8.200     0.5941E+01      37.992710     -91.542572      53.549858     -47.846912     -46.623680      57.531593
   8.300     0.5807E+01      31.841776     -87.825096      55.983318     -43.857590     -47.829491      58.052544
   8.400     0.5685E+01      25.690853     -84.107666      58.416809     -39.868263     -49.035320      58.573502
   8.500     0.5591E+01      20.554489     -80.996841      60.442356     -37.104919     -49.447975      59.042282
   8.600     0.5504E+01      15.418095     -77.885979      62.467884     -34.341545     -49.860619      59.511063
   8.700     0.5423E+01      10.281722     -74.775146      64.493423     -31.578201     -50.273262      59.979836
   8.800     0.5349E+01       5.145313     -71.664276      66.518967     -28.814831     -50.685913      60.448616
   8.900     0.5282E+01       0.008916     -68.553429      68.544510     -26.051460     -51.098557      60.917400
   9.000     0.5223E+01      -5.127431     -65.442558      70.569992     -23.288103     -51.511162      61.386162
   9.100     0.5185E+01      -7.436106     -63.581238      71.017342     -21.348574     -51.527145      61.935997
   9.200     0.5152E+01      -9.744774     -61.719856      71.464630     -19.409035     -51.543095      62.485756
   9.300     0.5124E+01     -12.053466     -59.858452      71.911919     -17.469481     -51.559029      63.035522
   9.400     0.5101E+01     -14.362148     -57.997066      72.359215     -15.529937     -51.574978      63.585304
   9.500     0.5085E+01     -16.670816     -56.135696      72.806511     -13.590400     -51.590935      64.135063
   9.600     0.5074E+01     -18.979485     -54.274269      73.253754     -11.650838     -51.606850      64.684792
   9.700     0.5036E+01     -21.643061     -51.863342      73.506401     -11.466935     -50.810726      65.215530
   9.800     0.5001E+01     -24.306646     -49.452400      73.759048     -11.283042     -50.014587      65.746254
   9.900     0.4968E+01     -26.970238     -47.041473      74.011711     -11.099139     -49.218456      66.276985
  10.000     0.4938E+01     -29.633818     -44.630524      74.264343     -10.915243     -48.422318      66.807724
  10.100     0.4911E+01     -32.297421     -42.219578      74.516998     -10.731346     -47.626186      67.338455
  10.200     0.4888E+01     -34.960983     -39.808647      74.769630     -10.547452     -46.830063      67.869186
  10.300     0.4823E+01     -36.954243     -37.066181      74.020424     -14.253572     -46.156044      68.408684
  10.400     0.4765E+01     -38.947525     -34.323647      73.271172     -17.959724     -45.482002      68.948181
  10.500     0.4721E+01     -40.940742     -31.581215      72.521957     -21.665838     -44.807964      69.487663
  10.600     0.4720E+01     -42.934032     -28.838680      71.772713     -25.371992     -44.133930      70.027161
  10.700     0.4790E+01     -44.927261     -26.096230      71.023491     -29.078100     -43.459904      70.566658
  10.800     0.4897E+01     -46.920525     -23.353714      70.274239     -32.784248     -42.785858      71.106140
  10.900     0.5016E+01     -48.031956     -21.412289      69.444244     -36.745365     -42.742752      71.428352
  11.000     0.5139E+01     -49.143322     -19.470806      68.614128     -40.706371     -42.699615      71.750443
  11.100     0.5265E+01     -50.254688     -17.529331      67.784019     -44.667419     -42.656460      72.072533
  11.200     0.5394E+01     -51.366051     -15.587860      66.953911     -48.628445     -42.613308      72.394638
  11.300     0.5525E+01     -52.477413     -13.646397      66.123810     -52.589481     -42.570148      72.716743
  11.400     0.5658E+01     -53.588764     -11.704906      65.293671     -56.550514     -42.526978      73.038811
  11.500     0.5751E+01     -53.779858     -13.150585      66.930443     -58.501308     -42.519695      72.923111
  11.600     0.5844E+01     -53.970997     -14.596241      68.567238     -60.452122     -42.512386      72.807426
  11.700     0.5938E+01     -54.162094     -16.041916      70.204010     -62.402916     -42.505089      72.691742
  11.800     0.6032E+01     -54.353207     -17.487598      71.840805     -64.353737     -42.497787      72.576050
  11.900     0.6128E+01     -54.544331     -18.933292      73.477623     -66.304558     -42.490490      72.460373
  12.000     0.6223E+01     -54.735409     -20.378948      75.114357     -68.255325     -42.483181      72.344635
  12.100     0.6272E+01     -53.656246     -24.258343      77.914589     -68.490250     -42.546455      71.936096
  12.200     0.6325E+01     -52.577038     -28.137730      80.714767     -68.725182     -42.609684      71.527512
  12.300     0.6383E+01     -51.497833     -32.017151      83.514984     -68.960075     -42.672924      71.118919
  12.400     0.6445E+01     -50.418610     -35.896591      86.315201     -69.194992     -42.736183      70.710342
  12.500     0.6511E+01     -49.339436     -39.775936      89.115372     -69.429916     -42.799416      70.301765
  12.600     0.6581E+01     -48.260197     -43.655346      91.915543     -69.664780     -42.862617      69.893143
  12.700     0.6585E+01     -45.324944     -49.575836      94.900780     -68.238991     -42.050537      68.660637
  12.800     0.6600E+01     -42.389664     -55.496338      97.886002     -66.813171     -41.238449      67.428093
  12.900     0.6628E+01     -39.454388     -61.416813     100.871201     -65.387329     -40.426353      66.195557
  13.000     0.6668E+01     -36.519150     -67.337273     103.856422     -63.961502     -39.614269      64.963036
  13.100     0.6719E+01     -33.583881     -73.257767     106.841644     -62.535694     -38.802177      63.730495
  13.200     0.6781E+01     -30.648624     -79.178207     109.826836     -61.109863     -37.990089      62.497971
  13.300     0.6749E+01     -29.377155     -82.977066     112.354218     -57.231674     -37.496922      60.854561
  13.400     0.6727E+01     -28.105671     -86.775925     114.881599     -53.353489     -37.003757      59.211128
  13.500     0.6717E+01     -26.834196     -90.574760     117.408958     -49.475323     -36.510590      57.567711
  13.600     0.6718E+01     -25.562721     -94.373627     119.936348     -45.597157     -36.017422      55.924290
  13.700     0.6731E+01     -24.291250     -98.172447     122.463699     -41.718987     -35.524265      54.280884
  13.800     0.6756E+01     -23.019758    -101.971283     124.991043     -37.840797     -35.031094      52.637436
  13.900     0.6792E+01     -22.790321    -104.573463     127.363785     -36.729881     -34.476246      50.072540
  14.000     0.6832E+01     -22.560850    -107.175507     129.736359     -35.618946     -33.921387      47.507614
  14.100     0.6877E+01     -22.331366    -109.777611     132.108978     -34.507988     -33.366508      44.942669
  14.200     0.6927E+01     -22.101892    -112.379723     134.481613     -33.397045     -32.811653      42.377750
  14.300     0.6982E+01     -21.872417    -114.981796     136.854218     -32.286098     -32.256790      39.812801
  14.400     0.7041E+01     -21.642935    -117.583855     139.226791     -31.175140     -31.701918      37.247826
  14.500     0.6930E+01     -23.180624    -115.201729     138.382355     -31.454090     -30.840263      34.381325
  14.600     0.6823E+01     -24.718328    -112.819527     137.537857     -31.733030     -29.978592      31.514801
  14.700     0.6719E+01     -26.256037    -110.437355     136.693390     -32.011974     -29.116920      28.648291
  14.800     0.6619E+01     -27.793722    -108.055168     135.848892     -32.290920     -28.255243      25.781763
  14.900     0.6523E+01     -29.331463    -105.672958     135.004425     -32.569862     -27.393570      22.915234
  15.000     0.6431E+01     -30.869137    -103.290741     134.159882     -32.848793     -26.531891      20.048729
  15.100     0.6364E+01     -31.511232    -101.528458     133.039688     -33.534534     -26.555746      17.581814
  15.200     0.6300E+01     -32.153286     -99.766129     131.919418     -34.220261     -26.579582      15.114902
  15.300     0.6240E+01     -32.795338     -98.003769     130.799103     -34.906002     -26.603418      12.647974
  15.400     0.6183E+01     -33.437401     -96.241432     129.678833     -35.591736     -26.627254      10.181038
  15.500     0.6130E+01     -34.079453     -94.479111     128.558563     -36.277447     -26.651093       7.714134
  15.600     0.6080E+01     -34.721481     -92.716690     127.438171     -36.963165     -26.674902       5.247202
  15.700     0.6005E+01     -35.568256     -91.730453     127.298706     -34.331177     -26.657913       2.851327
  15.800     0.5934E+01     -36.415012     -90.744232     127.159241     -31.699179     -26.640938       0.455434
  15.900     0.5866E+01     -37.261780     -89.757965     127.019745     -29.067169     -26.623957      -1.940459
  16.000     0.5802E+01     -38.108543     -88.771767     126.880310     -26.435181     -26.606979      -4.336332
  16.100     0.5741E+01     -38.955307     -87.785545     126.740852     -23.803173     -26.590004      -6.732225
  16.200     0.5683E+01     -39.802055     -86.799309     126.601364     -21.171177     -26.573032      -9.128107
  16.300     0.5759E+01     -39.547516     -87.888077     127.435593     -22.425205     -26.517532     -11.186533
  16.400     0.5835E+01     -39.292957     -88.976852     128.269806     -23.679192     -26.462032     -13.244919
  16.500     0.5913E+01     -39.038425     -90.065598     129.104019     -24.933208     -26.406528     -15.303345
  16.600     0.5993E+01     -38.783871     -91.154373     129.938248     -26.187233     -26.351036     -17.361771
  16.700     0.6073E+01     -38.529327     -92.243164     130.772491     -27.441254     -26.295532     -19.420195
  16.800     0.6155E+01     -38.274872     -93.332123     131.606995     -28.695385     -26.240088     -21.478670
  16.900     0.6223E+01     -38.047920     -93.351921     131.399841     -32.475739     -25.798281     -22.251316
  17.000     0.6293E+01     -37.820980     -93.371674     131.192657     -36.256157     -25.356461     -23.023975
  17.100     0.6365E+01     -37.593994     -93.391479     130.985474     -40.036579     -24.914642     -23.796635
  17.200     0.6440E+01     -37.367039     -93.411285     130.778320     -43.817005     -24.472824     -24.569294
  17.300     0.6516E+01     -37.140083     -93.431084     130.571167     -47.597435     -24.031010     -25.341953
  17.400     0.6593E+01     -36.913086     -93.450806     130.363892     -51.377739     -23.589182     -26.114571
  17.500     0.6571E+01     -36.102783     -94.236710     130.339493     -50.651886     -21.832745     -26.020145
  17.600     0.6549E+01     -35.292591     -95.022751     130.315338     -49.926075     -20.076323     -25.925781
  17.700     0.6530E+01     -34.482399     -95.808784     130.291183     -49.200272     -18.319899     -25.831417
  17.800     0.6512E+01     -33.672199     -96.594818     130.267014     -48.474472     -16.563477     -25.737055
  17.900     0.6496E+01     -32.862030     -97.380859     130.242889     -47.748672     -14.807088     -25.642696
  18.000     0.6481E+01     -32.051876     -98.166840     130.218719     -47.022888     -13.050669     -25.548344
  18.100     0.6527E+01     -30.426569    -101.182167     131.608734     -46.038925     -12.104244     -23.996552
  18.200     0.6577E+01     -28.801119    -104.197418     132.998535     -45.054897     -11.157845     -22.444685
  18.300     0.6631E+01     -27.175676    -107.212601     134.388275     -44.070862     -10.211442     -20.892834
  18.400     0.6688E+01     -25.550266    -110.227753     135.778015     -43.086857      -9.265057     -19.341003
  18.500     0.6750E+01     -23.924826    -113.242943     137.167770     -42.102825      -8.318654     -17.789146
  18.600     0.6815E+01     -22.299353    -116.258141     138.557495     -41.118774      -7.372260     -16.237282
  18.700     0.6788E+01     -21.309925    -117.404938     138.714859     -38.622910      -6.446229     -14.242491
  18.800     0.6765E+01     -20.320547    -118.551872     138.872421     -36.127075      -5.520198     -12.247725
  18.900     0.6747E+01     -19.331188    -119.698700     139.029892     -33.631287      -4.594181     -10.253000
  19.000     0.6734E+01     -18.341810    -120.845627     139.187439     -31.135454      -3.668147      -8.258238
  19.100     0.6725E+01     -17.352434    -121.992508     139.344940     -28.639622      -2.742115      -6.263471
  19.200     0.6721E+01     -16.363068    -123.139420     139.502487     -26.143818      -1.816088      -4.268723
  19.300     0.6720E+01     -15.652495    -123.977112     139.629608     -24.158905      -1.330949      -2.228934
  19.400     0.6722E+01     -14.941935    -124.814888     139.756821     -22.174040      -0.845819      -0.189180
  19.500     0.6728E+01     -14.231364    -125.652596     139.883957     -20.189129      -0.360681       1.850612
  19.600     0.6737E+01     -13.520788    -126.490349     140.011139     -18.204231       0.124458       3.890401
  19.700     0.6750E+01     -12.810219    -127.328102     140.138321     -16.219328       0.609596       5.930192
  19.800     0.6766E+01     -12.099686    -128.166061     140.265747     -14.234427       1.094727       7.970018
  19.900     0.6691E+01     -12.214348    -126.815849     139.030197     -11.016895       0.916957       9.895571
  20.000     0.6621E+01     -12.329015    -125.465569     137.794586      -7.799309       0.739185      11.821159
  20.100     0.6558E+01     -12.443680    -124.115326     136.559006      -4.581718       0.561410      13.746746
  20.200     0.6500E+01     -12.558346    -122.765076     135.323425      -1.364126       0.383639      15.672336
  20.300     0.6449E+01     -12.673010    -121.414833     134.087845       1.853468       0.205867      17.597925
  20.400     0.6404E+01     -12.787659    -120.064499     132.852158       5.070997       0.028099      19.523457
  20.500     0.6312E+01     -13.676876    -117.439209     131.116089       7.765999      -0.524670      20.509212
  20.600     0.6226E+01     -14.566158    -114.814255     129.380417      10.460979      -1.077463      21.495035
  20.700     0.6144E+01     -15.455437    -112.189278     127.644714      13.155957      -1.630251      22.480848
  20.800     0.6068E+01     -16.344715    -109.564331     125.909050      15.850936      -2.183042      23.466665
  20.900     0.5997E+01     -17.233980    -106.939407     124.173386      18.545866      -2.735820      24.452465
  21.000     0.5933E+01     -18.123270    -104.314522     122.437790      21.240829      -3.288613      25.438293
  21.100     0.5850E+01     -20.208082    -100.773415     120.981499      24.250248      -3.232679      25.058405
  21.200     0.5775E+01     -22.292822     -97.231888     119.524712      27.259632      -3.176728      24.678408
  21.300     0.5710E+01     -24.377558     -93.690369     118.067924      30.269012      -3.120775      24.298420
  21.400     0.5653E+01     -26.462257     -90.148933     116.611191      33.278339      -3.064825      23.918438
  21.500     0.5605E+01     -28.546991     -86.607430     115.154419      36.287720      -3.008874      23.538446
  21.600     0.5567E+01     -30.631697     -83.065819     113.697517      39.297073      -2.952918      23.158430
  21.700     0.5519E+01     -31.108826     -81.192749     112.301575      40.965988      -1.889735      21.767242
  21.800     0.5474E+01     -31.585987     -79.319870     110.905853      42.634922      -0.826555      20.376087
  21.900     0.5433E+01     -32.063133     -77.447006     109.510139      44.303829       0.236605      18.984957
  22.000     0.5395E+01     -32.540295     -75.574112     108.114410      45.972767       1.299784      17.593807
  22.100     0.5359E+01     -33.017456     -73.701225     106.718681      47.641705       2.362964      16.202652
  22.200     0.5327E+01     -33.494610     -71.828339     105.322945      49.310623       3.426136      14.811510
  22.300     0.5206E+01     -31.648899     -71.522919     103.171814      47.684643       4.587328      12.814139
  22.400     0.5088E+01     -29.803230     -71.217506     101.020737      46.058689       5.748499      10.816805
  22.500     0.4973E+01     -27.957520     -70.912079      98.869598      44.432701       6.909692       8.819435
  22.600     0.4862E+01     -26.111811     -70.606674      96.718483      42.806725       8.070885       6.822067
  22.700     0.4754E+01     -24.266109     -70.301239      94.567345      41.180737       9.232077       4.824696
  22.800     0.4651E+01     -22.420441     -69.995949      92.416389      39.554806      10.393304       2.827322
  22.900     0.4491E+01     -21.184128     -68.793602      89.977730      36.206516      11.058747       1.256703
  23.000     0.4335E+01     -19.947790     -67.591255      87.539047      32.858158      11.724203      -0.313947
  23.100     0.4184E+01     -18.711451     -66.388885      85.100334      29.509802      12.389658      -1.884597
  23.200     0.4038E+01     -17.475115     -65.186523      82.661636      26.161446      13.055115      -3.455247
  23.300     0.3898E+01     -16.238777     -63.984169      80.222946      22.813087      13.720572      -5.025897
  23.400     0.3765E+01     -15.002448     -62.781769      77.784218      19.464779      14.385999      -6.596511
  23.500     0.3608E+01     -15.106990     -59.759869      74.866859      17.585016      14.616979      -8.001905
  23.600     0.3454E+01     -15.211594     -56.738121      71.949715      15.705337      14.848017      -9.407322
  23.700     0.3304E+01     -15.316192     -53.716362      69.032555      13.825652      15.079055     -10.812737
  23.800     0.3157E+01     -15.420794     -50.694611      66.115402      11.945970      15.310094     -12.218155
  23.900     0.3014E+01     -15.525393     -47.672920      63.198315      10.066321      15.541131     -13.623544
  24.000     0.2876E+01     -15.630003     -44.651199      60.281200       8.186654      15.772182     -15.028960
  24.100     0.2734E+01     -16.371675     -40.851707      57.223385       6.824586      16.074778     -16.538462
  24.200     0.2600E+01     -17.113281     -37.052067      54.165348       5.462481      16.377300     -18.047903
  24.300     0.2475E+01     -17.854893     -33.252415      51.107307       4.100374      16.679821     -19.557352
  24.400     0.2360E+01     -18.596483     -29.452852      48.049335       2.738296      16.982340     -21.066765
  24.500     0.2259E+01     -19.338095     -25.653200      44.991295       1.376189      17.284861     -22.576210
  24.600     0.2174E+01     -20.079681     -21.853535      41.933216       0.014083      17.587366     -24.085632
  24.700     0.2101E+01     -20.965727     -18.768206      39.733932      -1.167969      17.278830     -24.922895
  24.800     0.2042E+01     -21.851805     -15.682951      37.534756      -2.350006      16.970312     -25.760197
  24.900     0.2001E+01     -22.737862     -12.597752      35.335613      -3.532021      16.661804     -26.597477
  25.000     0.1980E+01     -23.623940      -9.512493      33.136433      -4.714059      16.353291     -27.434776
  25.100     0.1977E+01     -24.510019      -6.427235      30.937254      -5.896097      16.044777     -28.272072
  25.200     0.1988E+01     -25.396088      -3.342003      28.738091      -7.078126      15.736259     -29.109364
  25.300     0.1972E+01     -25.949835      -0.887518      26.837353      -6.965658      15.079170     -29.147879
  25.400     0.1959E+01     -26.503557       1.566912      24.936646      -6.853188      14.422102     -29.186375
  25.500     0.1949E+01     -27.057283       4.021393      23.035891      -6.740713      13.765018     -29.224861
  25.600     0.1943E+01     -27.611019       6.475866      21.135153      -6.628239      13.107935     -29.263361
  25.700     0.1941E+01     -28.164753       8.930349      19.234404      -6.515765      12.450852     -29.301853
  25.800     0.1943E+01     -28.718540      11.384851      17.333689      -6.403312      11.793798     -29.340399
  25.900     0.1936E+01     -28.800638      13.225882      15.574757      -7.122940      11.402335     -29.131908
  26.000     0.1933E+01     -28.882750      15.066959      13.815790      -7.842584      11.010859     -28.923418
  26.100     0.1934E+01     -28.964849      16.908024      12.056825      -8.562227      10.619385     -28.714926
  26.200     0.1939E+01     -29.046953      18.749094      10.297859      -9.281872      10.227910     -28.506433
  26.300     0.1948E+01     -29.129066      20.590172       8.538894     -10.001516       9.836436     -28.297947
  26.400     0.1960E+01     -29.211143      22.431190       6.779953     -10.721136       9.444962     -28.089437
  26.500     0.1949E+01     -28.767262      24.235279       4.531983     -11.100327       9.277181     -27.487938
  26.600     0.1942E+01     -28.323454      26.039429       2.284026     -11.479548       9.109434     -26.886515
  26.700     0.1939E+01     -27.879646      27.843578       0.036068     -11.858769       8.941686     -26.285091
  26.800     0.1940E+01     -27.435839      29.647728      -2.211890     -12.237989       8.773939     -25.683664
  26.900     0.1944E+01     -26.992041      31.451847      -4.459805     -12.617203       8.606197     -25.082256
  27.000     0.1952E+01     -26.548256      33.256012      -6.707754     -12.996431       8.438457     -24.480848
  27.100     0.1904E+01     -25.017937      32.784401      -7.766463     -13.429649       8.448908     -23.962450
  27.200     0.1857E+01     -23.487511      32.312653      -8.825141     -13.862809       8.459317     -23.443947
  27.300     0.1813E+01     -21.957085      31.840900      -9.883815     -14.295966       8.469726     -22.925440
  27.400     0.1771E+01     -20.426691      31.369164     -10.942473     -14.729118       8.480136     -22.406952
  27.500     0.1735E+01     -18.896263      30.897411     -12.001148     -15.162276       8.490545     -21.888445
  27.600     0.1707E+01     -17.365820      30.425629     -13.059810     -15.595416       8.500943     -21.369915
  27.700     0.1681E+01     -16.340706      30.012447     -13.671741     -15.166475       8.697064     -20.602798
  27.800     0.1659E+01     -15.315646      29.599346     -14.283699     -14.737565       8.893210     -19.835737
  27.900     0.1638E+01     -14.290604      29.186245     -14.895641     -14.308661       9.089350     -19.068686
  28.000     0.1619E+01     -13.265541      28.773140     -15.507600     -13.879749       9.285499     -18.301622
  28.100     0.1601E+01     -12.240480      28.360035     -16.119555     -13.450839       9.481644     -17.534559
  28.200     0.1583E+01     -11.215425      27.946938     -16.731512     -13.021930       9.677790     -16.767502
  28.300     0.1546E+01      -9.712702      26.327572     -16.614870     -13.751348      10.107142     -15.886824
  28.400     0.1512E+01      -8.210000      24.708202     -16.498203     -14.480748      10.536480     -15.006151
  28.500     0.1481E+01      -6.707271      23.088802     -16.381531     -15.210160      10.965822     -14.125463
  28.600     0.1455E+01      -5.204542      21.469404     -16.264862     -15.939576      11.395167     -13.244775
  28.700     0.1434E+01      -3.701813      19.850008     -16.148195     -16.668989      11.824512     -12.364087
  28.800     0.1417E+01      -2.199090      18.230631     -16.031540     -17.398422      12.253880     -11.483414
  28.900     0.1380E+01      -1.104362      16.413845     -15.309484     -16.992058      12.802162     -11.120350
  29.000     0.1346E+01      -0.009614      14.597034     -14.587420     -16.585684      13.350454     -10.757284
  29.100     0.1314E+01       1.085134      12.780220     -13.865354     -16.179308      13.898748     -10.394218
  29.200     0.1286E+01       2.179882      10.963410     -13.143292     -15.772936      14.447044     -10.031153
  29.300     0.1262E+01       3.274630       9.146599     -12.421229     -15.366565      14.995337      -9.668087
  29.400     0.1241E+01       4.369356       7.329815     -11.699171     -14.960186      15.543612      -9.305021
  29.500     0.1164E+01       4.326082       6.468201     -10.794283     -13.970325      14.784089      -8.656959
  29.600     0.1086E+01       4.282799       5.606618      -9.889417     -12.980494      14.024590      -8.008908
  29.700     0.1009E+01       4.239515       4.745035      -8.984550     -11.990661      13.265087      -7.360856
  29.800     0.9330E+00       4.196232       3.883451      -8.079683     -11.000830      12.505589      -6.712805
  29.900     0.8571E+00       4.152949       3.021886      -7.174836     -10.011017      11.746105      -6.064766
  30.000     0.7819E+00       4.109668       2.160306      -6.269974      -9.021194      10.986616      -5.416719
  30.100     0.6516E+00       3.424734       1.800262      -5.224996      -7.517689       9.155548      -4.513947
  30.200     0.5213E+00       2.739787       1.440208      -4.179995      -6.014149       7.324436      -3.611156
  30.300     0.3910E+00       2.054838       1.080156      -3.134994      -4.510609       5.493322      -2.708365
  30.400     0.2606E+00       1.369904       0.720110      -2.090014      -3.007098       3.662247      -1.805592
  30.500     0.1303E+00       0.684956       0.360057      -1.045013      -1.503557       1.831133      -0.902801
  30.600     0.1524E-05       0.000008       0.000004      -0.000012      -0.000018       0.000021      -0.000011
  30.700     0.0000E+00       0.000000       0.000000       0.000000       0.000000       0.000000       0.000000
  30.800     0.0000E+00       0.000000       0.000000       0.000000       0.000000       0.000000       0.000000
  30.900     0.0000E+00       0.000000       0.000000       0.000000       0.000000       0.000000       0.000000
  31.000     0.0000E+00       0.000000       0.000000       0.000000       0.000000       0.000000       0.000000
  31.100     0.0000E+00       0.000000       0.000000       0.000000       0.000000       0.000000       0.000000
  31.200     0.0000E+00       0.000000       0.000000       0.000000       0.000000       0.000000       0.000000
  31.300     0.0000E+00       0.000000       0.000000       0.000000       0.000000       0.000000       0.000000
  31.400     0.0000E+00       0.000000       0.000000       0.000000       0.000000       0.000000       0.000000
  31.500     0.0000E+00       0.000000       0.000000       0.000000       0.000000       0.000000       0.000000
  31.600     0.0000E+00       0.000000       0.000000       0.000000       0.000000       0.000000       0.000000
  31.700     0.0000E+00       0.000000       0.000000       0.000000       0.000000       0.000000       0.000000
  31.800     0.0000E+00       0.000000       0.000000       0.000000       0.000000       0.000000       0.000000
  31.900     0.0000E+00       0.000000       0.000000       0.000000       0.000000       0.000000       0.000000
  32.000     0.0000E+00       0.000000       0.000000       0.000000       0.000000       0.000000       0.000000
  32.100     0.0000E+00       0.000000       0.000000       0.000000       0.000000       0.000000       0.000000
  32.200     0.0000E+00       0.000000       0.000000       0.000000       0.000000       0.000000       0.000000
  32.300     0.0000E+00       0.000000       0.000000       0.000000       0.000000       0.000000       0.000000
  32.400     0.0000E+00       0.000000       0.000000       0.000000       0.000000       0.000000       0.000000
  32.500     0.0000E+00       0.000000       0.000000       0.000000       0.000000       0.000000       0.000000
  32.600     0.0000E+00       0.000000       0.000000       0.000000       0.000000       0.000000       0.000000
  32.700     0.0000E+00       0.000000       0.000000       0.000000       0.000000       0.000000       0.000000
  32.800     0.0000E+00       0.000000       0.000000       0.000000       0.000000       0.000000       0.000000
  32.900     0.0000E+00       0.000000       0.000000       0.000000       0.000000       0.000000       0.000000
  33.000     0.0000E+00       0.000000       0.000000       0.000000       0.000000       0.000000       0.000000
  33.100     0.0000E+00       0.000000       0.000000       0.000000       0.000000       0.000000       0.000000
  33.200     0.0000E+00       0.000000       0.000000       0.000000       0.000000       0.000000       0.000000
  33.300     0.0000E+00       0.000000       0.000000       0.000000       0.000000       0.000000       0.000000
  33.400     0.0000E+00       0.000000       0.000000       0.000000       0.000000       0.000000       0.000000
  33.500     0.0000E+00       0.000000       0.000000       0.000000       0.000000       0.000000       0.000000
  33.600     0.0000E+00       0.000000       0.000000       0.000000       0.000000       0.000000       0.000000
  33.700     0.0000E+00       0.000000       0.000000       0.000000       0.000000       0.000000       0.000000
  33.800     0.0000E+00       0.000000       0.000000       0.000000       0.000000       0.000000       0.000000
  33.900     0.0000E+00       0.000000       0.000000       0.000000       0.000000       0.000000       0.000000
  34.000     0.0000E+00       0.000000       0.000000       0.000000       0.000000       0.000000       0.000000
  34.100     0.0000E+00       0.000000       0.000000       0.000000       0.000000       0.000000       0.000000
  34.200     0.0000E+00       0.000000       0.000000       0.000000       0.000000       0.000000       0.000000
  34.300     0.0000E+00       0.000000       0.000000       0.000000       0.000000       0.000000       0.000000
  34.400     0.0000E+00       0.000000       0.000000       0.000000       0.000000       0.000000       0.000000
  34.500     0.0000E+00       0.000000       0.000000       0.000000       0.000000       0.000000       0.000000
  34.600     0.0000E+00       0.000000       0.000000       0.000000       0.000000       0.000000       0.000000
  34.700     0.0000E+00       0.000000       0.000000       0.000000       0.000000       0.000000       0.000000
  34.800     0.0000E+00       0.000000       0.000000       0.000000       0.000000       0.000000       0.000000
  34.900     0.0000E+00       0.000000       0.000000       0.000000       0.000000       0.000000       0.000000
  35.000     0.0000E+00       0.000000       0.000000       0.000000       0.000000       0.000000       0.000000
  35.100     0.0000E+00       0.000000       0.000000       0.000000       0.000000       0.000000       0.000000
  35.200     0.0000E+00       0.000000       0.000000       0.000000       0.000000       0.000000       0.000000
  35.300     0.0000E+00       0.000000       0.000000       0.000000       0.000000       0.000000       0.000000
  35.400     0.0000E+00       0.000000       0.000000       0.000000       0.000000       0.000000       0.000000
  35.500     0.0000E+00       0.000000       0.000000       0.000000       0.000000       0.000000       0.000000
  35.600     0.0000E+00       0.000000       0.000000       0.000000       0.000000       0.000000       0.000000
  35.700     0.0000E+00       0.000000       0.000000       0.000000       0.000000       0.000000       0.000000
  35.800     0.0000E+00       0.000000       0.000000       0.000000       0.000000       0.000000       0.000000
  35.900     0.0000E+00       0.000000       0.000000       0.000000       0.000000       0.000000       0.000000
  36.000     0.0000E+00       0.000000       0.000000       0.000000       0.000000       0.000000       0.000000
  36.100     0.0000E+00       0.000000       0.000000       0.000000       0.000000       0.000000       0.000000
  36.200     0.0000E+00       0.000000       0.000000       0.000000       0.000000       0.000000       0.000000
  36.300     0.0000E+00       0.000000       0.000000       0.000000       0.000000       0.000000       0.000000
  36.400     0.0000E+00       0.000000       0.000000       0.000000       0.000000       0.000000       0.000000
  36.500     0.0000E+00       0.000000       0.000000       0.000000       0.000000       0.000000       0.000000
  36.600     0.0000E+00       0.000000       0.000000       0.000000       0.000000       0.000000       0.000000
  36.700     0.0000E+00       0.000000       0.000000       0.000000       0.000000       0.000000       0.000000
  36.800     0.0000E+00       0.000000       0.000000       0.000000       0.000000       0.000000       0.000000
  36.900     0.0000E+00       0.000000       0.000000       0.000000       0.000000       0.000000       0.000000
  37.000     0.0000E+00       0.000000       0.000000       0.000000       0.000000       0.000000       0.000000
  37.100     0.0000E+00       0.000000       0.000000       0.000000       0.000000       0.000000       0.000000
  37.200     0.0000E+00       0.000000       0.000000       0.000000       0.000000       0.000000       0.000000
  37.300     0.0000E+00       0.000000       0.000000       0.000000       0.000000       0.000000       0.000000
  37.400     0.0000E+00       0.000000       0.000000       0.000000       0.000000       0.000000       0.000000
  37.500     0.0000E+00       0.000000       0.000000       0.000000       0.000000       0.000000       0.000000
  37.600     0.0000E+00       0.000000       0.000000       0.000000       0.000000       0.000000       0.000000
  37.700     0.0000E+00       0.000000       0.000000       0.000000       0.000000       0.000000       0.000000
  37.800     0.0000E+00       0.000000       0.000000       0.000000       0.000000       0.000000       0.000000
  37.900     0.0000E+00       0.000000       0.000000       0.000000       0.000000       0.000000       0.000000
  38.000     0.0000E+00       0.000000       0.000000       0.000000       0.000000       0.000000       0.000000
  38.100     0.0000E+00       0.000000       0.000000       0.000000       0.000000       0.000000       0.000000
  38.200     0.0000E+00       0.000000       0.000000       0.000000       0.000000       0.000000       0.000000
  38.300     0.0000E+00       0.000000       0.000000       0.000000       0.000000       0.000000       0.000000
  38.400     0.0000E+00       0.000000       0.000000       0.000000       0.000000       0.000000       0.000000
  38.500     0.0000E+00       0.000000       0.000000       0.000000       0.000000       0.000000       0.000000
