     -72.913437      18.606670      10.000000       0.227000      -8.969999       8.169999       0.800000      -6.265000      -0.845000      -3.860000   26
     -73.008141      18.603781      10.000000       0.188300      -7.945000       4.715000       3.230000      -4.835000      -3.655000      -3.515000   26
     -73.102852      18.600830      10.000000       0.160500      -0.390000      -4.990000       5.380000      -1.275000      -6.200000      -1.655000   26
     -73.197540      18.597839      10.000000       0.229500       0.450000      -5.655000       5.205000      -7.045000      -7.185000       1.285000   26
     -73.292236      18.594801      10.000000       0.244600       3.250000      -6.260000       3.010000      -7.750000      -6.605000       4.850000   26
     -73.386932      18.591721      10.000000       0.333900       0.677500      -0.866000       0.188500      -1.111000      -0.427000       0.866000   26
     -73.481613      18.588579      10.000000       0.325500       0.797000      -0.840500       0.043500      -1.020000      -0.332500       0.909000   26
     -73.576286      18.585400      10.000000       0.257000       7.385000      -6.895000      -0.490000      -7.200000      -4.075000       6.845000   26
     -73.670967      18.582180      10.000000       0.272800       0.673000      -1.013500       0.340500      -0.755000      -0.523000       0.469500   26
     -73.765648      18.578899      10.000000       0.289500       0.269500      -1.347000       1.077500      -0.133500      -0.607000       0.432000   26
     -73.860329      18.575581      10.000000       0.209000      -0.493000      -0.610500       1.103500       0.410500      -0.121500      -0.101000   26
     -73.954987      18.572210      10.000000       0.282300      -0.111500      -1.176500       1.288000       0.601500      -0.323000      -0.058500   26
     -74.049660      18.568800      10.000000       0.336300       0.341000      -1.850500       1.509500       0.030000       0.044000       0.029000   26
     -74.144318      18.565331      10.000000       0.201600      -0.624000      -0.694500       1.318500       0.011500      -0.029500       0.028500   26
     -74.238983      18.561819      10.000000       0.286300      -0.391000      -1.105500       1.496500      -0.329000      -0.420500       0.265000   26
     -74.333641      18.558260      10.000000       0.237300      -0.179000      -0.975000       1.154000       0.054500      -0.179500       0.492000   26
     -74.428291      18.554661      10.000000       0.186200      -2.035000      -5.540000       7.575000       5.690000      -2.160000       2.645000   26
     -72.911926      18.561520      10.000000       0.378400      -1.502000       1.319000       0.183000      -0.995000      -0.297000      -0.703000   26
     -73.006607      18.558630      10.000000       0.360600      -1.525500       0.947000       0.578500      -0.713000      -0.952500      -0.659500   26
     -73.101288      18.555679      10.000000       0.301100      -0.083000      -0.981000       1.064000      -0.286000      -1.091500      -0.301500   26
     -73.195961      18.552691      10.000000       0.447000       0.287000      -1.262000       0.975000      -1.294500      -1.417500       0.236500   26
     -73.290627      18.549660      10.000000       0.572500       0.730000      -1.447000       0.717000      -1.927500      -1.238000       1.232500   26
     -73.385300      18.546570      10.000000       0.709900       1.356000      -2.007000       0.651000      -2.474000      -0.493000       1.795000   26
     -73.479950      18.543440      10.000000       0.643200       1.689500      -2.010000       0.320500      -2.108500      -0.305500       1.563500   26
     -73.574608      18.540260      10.000000       0.469900       1.439000      -1.492000       0.053000      -1.412000      -0.620000       1.001500   26
     -73.669273      18.537029      10.000000       0.505800       1.439000      -2.062500       0.623500      -1.208000      -1.100000       0.616000   26
     -73.763924      18.533760      10.000000       0.514500       0.604000      -2.445000       1.841000      -0.229500      -1.060000       0.757500   26
     -73.858566      18.530439      10.000000       0.405200      -0.650000      -1.585500       2.235500       0.486500      -0.182500      -0.168500   26
     -73.953217      18.527069      10.000000       0.532700      -0.288500      -2.232000       2.520500       0.985500      -0.631000      -0.131500   26
     -74.047859      18.523661      10.000000       0.617800       0.272000      -3.218500       2.946500       0.161500       0.120500       0.040500   26
     -74.142502      18.520189      10.000000       0.442300      -1.006000      -1.705000       2.711000      -0.022000       0.117500       0.081000   26
     -74.237129      18.516680      10.000000       0.527000      -0.797500      -2.094500       2.892000      -0.342000      -0.615000       0.544000   26
     -74.331757      18.513130      10.000000       0.447600      -0.452000      -1.754000       2.206000       0.345000      -0.305000       0.908000   26
     -74.426376      18.509520      10.000000       0.328300      -0.457500      -0.901500       1.359000       0.936500      -0.392500       0.538000   26
     -72.910431      18.516371      10.000000       0.485300      -1.881000       1.562500       0.318500      -1.268500      -0.749500      -0.903000   26
     -73.005081      18.513479      10.000000       0.493200      -1.977500       1.140000       0.837500      -1.058500      -1.421500      -0.922000   26
     -73.099731      18.510530      10.000000       0.465300      -0.260000      -1.290500       1.550500      -0.625000      -1.721500      -0.448000   26
     -73.194382      18.507540      10.000000       0.618400       0.447500      -1.835500       1.388000      -1.706000      -1.981000       0.393000   26
     -73.289032      18.504511      10.000000       0.855500       0.977500      -2.120500       1.143000      -2.893500      -1.726500       1.948500   26
     -73.383667      18.501419      10.000000       1.029000       1.836000      -3.074000       1.238000      -3.803000      -0.189500       2.436000   26
     -73.478302      18.498289      10.000000       0.908400       2.226500      -2.868500       0.642000      -3.219000       0.047000       2.061500   26
     -73.572937      18.495110      10.000000       0.660700       2.163500      -2.412000       0.248500      -1.982000      -0.381000       1.280000   26
     -73.667572      18.491890      10.000000       0.643600       1.711000      -2.610000       0.899000      -1.710500      -1.306000       0.672500   26
     -73.762199      18.488621      10.000000       0.681500       0.798000      -3.341000       2.543000      -0.089500      -1.260000       0.951000   26
     -73.856819      18.485300      10.000000       0.616100      -0.752500      -2.566500       3.319000       0.710000      -0.314000      -0.128500   26
     -73.951439      18.481930      10.000000       0.722500      -0.569500      -3.038500       3.608000       1.160000      -0.661000      -0.128000   26
     -74.046059      18.478519      10.000000       0.853200      -0.062500      -4.210000       4.272500       0.295000       0.328000       0.117500   26
     -74.140671      18.475050      10.000000       0.699700      -1.189000      -2.887000       4.076000      -0.010500       0.371000       0.162500   26
     -74.235283      18.471550      10.000000       0.754900      -1.075000      -3.113500       4.188500      -0.250000      -0.560000       0.783000   26
     -74.329880      18.467991      10.000000       0.642900      -0.571000      -2.597500       3.168500       0.513500      -0.305000       1.254000   26
     -74.424477      18.464390      10.000000       0.424600      -0.604000      -1.229500       1.833500       0.995000      -0.538500       0.788000   26
     -72.908920      18.471220      10.000000       0.568900      -2.110500       1.714500       0.396000      -1.585000      -1.076000      -1.014000   26
     -73.003548      18.468330      10.000000       0.591600      -2.135000       1.052500       1.082500      -1.649000      -1.777000      -1.113000   26
     -73.098183      18.465389      10.000000       0.620200      -0.684000      -1.206500       1.890500      -1.007000      -2.379000      -0.567500   26
     -73.192802      18.462400      10.000000       0.797100       0.617500      -2.475000       1.857500      -2.145500      -2.514000       0.500500   26
     -73.287422      18.459360      10.000000       1.033900       1.235500      -2.718500       1.483000      -3.374500      -2.105000       2.377500   26
     -73.382042      18.456280      10.000000       1.263000       2.476000      -4.054000       1.578000      -4.641000       0.038500       2.885000   26
     -73.476646      18.453150      10.000000       1.169400       3.191500      -4.006500       0.815000      -4.036000       0.417500       2.438000   26
     -73.571259      18.449970      10.000000       0.903900       3.343500      -3.627000       0.283500      -2.413000      -0.215000       1.615500   26
     -73.665871      18.446739      10.000000       0.742700       1.963500      -3.097000       1.133500      -2.001000      -1.299500       0.877500   26
     -73.760468      18.443470      10.000000       0.786500       0.914000      -3.923500       3.009500      -0.073500      -1.277500       1.129000   26
     -73.855072      18.440149      10.000000       0.812700      -0.556000      -3.663000       4.219000       0.786500      -0.508500       0.031000   26
     -73.949661      18.436790      10.000000       0.871200      -0.901500      -3.632000       4.533500       1.291500      -0.389000      -0.052000   26
     -74.044258      18.433380      10.000000       1.056600      -0.201000      -5.140000       5.341000       0.237000       0.609000       0.200500   26
     -74.138840      18.429920      10.000000       0.947100      -1.226500      -4.087000       5.313500      -0.063000       0.603000       0.257500   26
     -74.233429      18.426411      10.000000       0.942800      -1.296500      -3.958500       5.255001      -0.101500      -0.266500       0.969000   26
     -74.328011      18.422850      10.000000       0.788900      -0.704500      -3.222000       3.926500       0.591000      -0.258000       1.496500   26
     -74.422577      18.419250      10.000000       0.499100      -0.735500      -1.463000       2.198500       1.055000      -0.617500       0.988000   26
     -72.907417      18.426069      10.000000       0.622100      -2.213000       1.857000       0.356000      -1.774000      -1.328000      -1.055000   26
     -73.002022      18.423180      10.000000       0.681900      -2.414000       1.187500       1.226500      -2.136500      -2.052000      -1.205500   26
     -73.096626      18.420240      10.000000       0.774800      -1.150500      -0.984000       2.134500      -1.466500      -3.005500      -0.638500   26
     -73.191223      18.417250      10.000000       0.937600       0.724000      -2.974500       2.250500      -2.477500      -2.934500       0.641500   26
     -73.285820      18.414209      10.000000       1.139800       1.488000      -3.223500       1.735500      -3.552000      -2.348000       2.618000   26
     -73.380409      18.411131      10.000000       1.399800       3.487000      -5.220000       1.733000      -4.520000      -0.075500       3.281500   26
     -73.474998      18.408001      10.000000       1.365700       4.637001      -5.523500       0.886500      -3.841500       0.492500       2.735500   26
     -73.569580      18.404819      10.000000       1.093300       4.559000      -4.932500       0.373500      -2.136000      -0.135500       1.770500   26
     -73.664169      18.401600      10.000000       0.802000       2.181000      -3.406500       1.225500      -2.081000      -1.251000       1.164500   26
     -73.758743      18.398331      10.000000       0.898600       1.247500      -4.613501       3.366000       0.085000      -1.355000       1.257500   26
     -73.853317      18.395010      10.000000       0.953500      -0.087000      -4.611000       4.698000       0.708000      -0.693500       0.284000   26
     -73.947891      18.391649      10.000000       1.000900      -0.925000      -4.311500       5.236500       1.331000       0.020500       0.057500   26
     -74.042458      18.388229      10.000000       1.221300      -0.216000      -5.919001       6.135000       0.169500       0.972500       0.218500   26
     -74.137016      18.384781      10.000000       1.166400      -1.108500      -5.224500       6.333000      -0.203500       0.748000       0.347000   26
     -74.231583      18.381269      10.000000       1.076900      -1.494000      -4.519500       6.013500      -0.059000       0.186000       1.106500   26
     -74.326134      18.377720      10.000000       0.882300      -0.892000      -3.559500       4.451500       0.696500      -0.127500       1.650000   26
     -74.420692      18.374121      10.000000       0.546600      -0.931500      -1.486000       2.417500       1.208500      -0.564500       1.109500   26
     -72.905922      18.380920      10.000000       0.669100      -2.442000       2.203000       0.239000      -1.738000      -1.474500      -1.056500   26
     -73.000504      18.378031      10.000000       0.755400      -2.668000       1.398500       1.269500      -2.502500      -2.240500      -1.223000   26
     -73.095070      18.375090      10.000000       0.915300      -1.633000      -0.668500       2.301500      -1.997500      -3.519500      -0.666500   26
     -73.189651      18.372101      10.000000       1.005100       0.636000      -3.124500       2.488500      -2.634500      -3.177000       0.794500   26
     -73.284218      18.369061      10.000000       1.197400       1.710500      -3.693500       1.983000      -3.506000      -2.453000       2.740000   26
     -73.378792      18.365980      10.000000       1.535800       4.564499      -6.182000       1.617500      -4.220500      -0.391500       3.685000   26
     -73.473351      18.362850      10.000000       1.585600       6.208000      -6.983000       0.775000      -3.452500       0.341000       3.001000   26
     -73.567909      18.359680      10.000000       1.281900       5.707000      -6.094000       0.387000      -1.812500      -0.067500       1.835000   26
     -73.662468      18.356449      10.000000       0.876900       2.552000      -3.870500       1.318500      -2.062000      -1.258500       1.409500   26
     -73.757019      18.353180      10.000000       0.967600       1.603500      -5.128000       3.524500       0.069500      -1.363500       1.262000   26
     -73.851570      18.349871      10.000000       1.032300       0.406500      -5.242500       4.836000       0.567000      -0.791000       0.516000   26
     -73.946114      18.346500      10.000000       1.088200      -0.690500      -4.925001       5.615501       1.189500       0.388000       0.172500   26
     -74.040657      18.343090      10.000000       1.350300      -0.148000      -6.545000       6.693000       0.248500       1.334500       0.165000   26
     -74.135201      18.339640      10.000000       1.336800      -0.848000      -6.194001       7.042001      -0.273500       0.853000       0.413500   26
     -74.229729      18.336130      10.000000       1.166800      -1.657500      -4.849500       6.507000      -0.153500       0.660500       1.192500   26
     -74.324257      18.332581      10.000000       0.913500      -1.203500      -3.544000       4.747500       0.656500       0.089500       1.735000   26
     -74.418793      18.328979      10.000000       0.558700      -1.145000      -1.387500       2.532500       1.217500      -0.423000       1.152500   26
     -72.904411      18.335770      10.000000       0.701800      -2.671000       2.475500       0.195500      -1.633500      -1.550500      -1.055000   26
     -72.998970      18.332880      10.000000       0.803000      -2.600000       1.328500       1.271500      -2.850500      -2.384000      -1.209500   26
     -73.093521      18.329941      10.000000       0.995900      -2.086000      -0.275500       2.361500      -2.281000      -3.812000      -0.661000   26
     -73.188072      18.326950      10.000000       1.001300       0.407500      -2.941500       2.534000      -2.623500      -3.250500       0.884000   26
     -73.282623      18.323919      10.000000       1.214900       1.839000      -3.986000       2.147000      -3.344000      -2.485000       2.785500   26
     -73.377159      18.320829      10.000000       1.529400       4.837000      -6.373000       1.536000      -3.447000      -0.748500       4.009000   26
     -73.471703      18.317711      10.000000       1.628400       6.742500      -7.505500       0.763000      -2.646000       0.156500       3.236000   26
     -73.566231      18.314529      10.000000       1.316100       5.936000      -6.425000       0.489000      -1.448000       0.172500       1.865500   26
     -73.660767      18.311310      10.000000       0.944300       2.947000      -4.372000       1.425000      -1.936000      -1.284500       1.536000   26
     -73.755287      18.308041      10.000000       0.991200       1.776500      -5.414000       3.637500      -0.074000      -1.223500       1.133000   26
     -73.849823      18.304720      10.000000       1.078800       0.730500      -5.634500       4.904000       0.443500      -0.798500       0.627500   26
     -73.944344      18.301359      10.000000       1.108800      -0.657000      -5.039000       5.696000       1.144500       0.609000       0.265500   26
     -74.038857      18.297951      10.000000       1.424500      -0.033500      -6.926999       6.960499       0.424000       1.553000       0.110000   26
     -74.133369      18.294500      10.000000       1.425100      -0.636500      -6.735500       7.372000      -0.276500       0.909500       0.453000   26
     -74.227882      18.290991      10.000000       1.221600      -1.704500      -5.061000       6.765500      -0.279500       0.945500       1.231500   26
     -74.322388      18.287439      10.000000       0.911000      -1.488000      -3.383500       4.871500       0.575500       0.266500       1.764500   26
     -74.416893      18.283840      10.000000       0.555600      -1.317500      -1.283000       2.600500       1.140500      -0.290500       1.146500   26
