-7.631573333001665560e+01 1.565824539387298664e+01
-7.622135555691477293e+01 1.574784509695659196e+01
-7.612696289399990235e+01 1.583745753774380916e+01
-7.603255585025510754e+01 1.592708228044042329e+01
-7.593813493513094670e+01 1.601671888889174866e+01
-7.584370065852905896e+01 1.610636692659526403e+01
-7.574925353078572243e+01 1.619602595671330647e+01
-7.565479406265556861e+01 1.628569554208572256e+01
-7.556032276529495562e+01 1.637537524524260490e+01
-7.546584015024558312e+01 1.646506462841701790e+01
-7.537134672941792246e+01 1.655476325355776979e+01
-7.527684301507468945e+01 1.664447068234216687e+01
-7.518232951981421763e+01 1.673418647618882460e+01
-7.508780675655386005e+01 1.682391019627049289e+01
-7.499327523851337673e+01 1.691364140352688139e+01
-7.489873547919822272e+01 1.700337965867749546e+01
-7.480418799238296401e+01 1.709312452223453960e+01
-7.470963329209440928e+01 1.718287555451577830e+01
-7.461507189259501160e+01 1.727263231565742529e+01
-7.452050430836608541e+01 1.736239436562708960e+01
-7.442593105409100929e+01 1.745216126423666481e+01
-7.433135264463847136e+01 1.754193257115526805e+01
-7.423676959504565787e+01 1.763170784592220386e+01
-7.414218242050149854e+01 1.772148664795990669e+01
-7.404759163632972729e+01 1.781126853658690479e+01
-7.395299775797215602e+01 1.790105307103080179e+01
-7.385840130097179212e+01 1.799083981044123703e+01
-7.376380278095597021e+01 1.808062831390287784e+01
-7.366920271361946959e+01 1.817041814044841885e+01
-7.357460161470777393e+01 1.826020884907154596e+01
-7.348000000000000398e+01 1.834999999873997467e+01
-7.338539838529224824e+01 1.843979114840839628e+01
-7.329079728638053837e+01 1.852958185703152338e+01
-7.319619721904405196e+01 1.861937168357706085e+01
-7.310159869902821583e+01 1.870916018703869810e+01
-7.300700224202785193e+01 1.879894692644912269e+01
-7.291240836367028066e+01 1.888873146089301258e+01
-7.281781757949852363e+01 1.897851334952000713e+01
-7.272323040495435009e+01 1.906829215155769930e+01
-7.262864735536155081e+01 1.915806742632462090e+01
-7.253406894590901288e+01 1.924783873324321704e+01
-7.243949569163393676e+01 1.933760563185277093e+01
-7.234492810740499635e+01 1.942736768182241747e+01
-7.225036670790559867e+01 1.951712444296405735e+01
-7.215581200761704395e+01 1.960687547524526764e+01
-7.206126452080178524e+01 1.969662033880229401e+01
-7.196672476148664543e+01 1.978635859395289032e+01
-7.187219324344616211e+01 1.987608980120925040e+01
-7.177767048018580454e+01 1.996581352129089737e+01
-7.168315698492531851e+01 2.005552931513753379e+01
-7.158865327058208550e+01 2.014523674392189889e+01
-7.149415984975443905e+01 2.023493536906262236e+01
-7.139967723470505234e+01 2.032462475223701404e+01
-7.130520593734443935e+01 2.041430445539386440e+01
-7.121074646921428553e+01 2.050397404076624852e+01
-7.111629934147094900e+01 2.059363307088425543e+01
-7.102186506486906126e+01 2.068328110858773528e+01
-7.092744414974490041e+01 2.077291771703902157e+01
-7.083303710600011982e+01 2.086254245973560018e+01
-7.073864444308523503e+01 2.095215490052278540e+01
-7.064426666998336657e+01 2.104175460360634276e+01
