     -72.907417      18.426069      32.000000       0.088000      -2.595000       0.585000       2.010000       2.215000      -2.915000      -0.725000   26
     -73.002022      18.423180      32.000000       0.073200      -1.610000      -1.330000       2.940000       1.310000      -1.740000      -2.095000   26
     -73.096626      18.420240      32.000000       0.114900      -2.145000      -3.310000       5.455000      -0.400000      -4.150000      -0.240000   26
     -73.191223      18.417250      32.000000       0.274000       0.605000      -1.472000       0.867000      -0.325000      -0.365500       0.298500   26
     -73.285820      18.414209      32.000000       0.392500       1.308500      -2.470500       1.162000      -0.232500       0.108500       0.517000   26
     -73.380409      18.411131      32.000000       0.537200       1.724000      -3.015000       1.291000      -1.048500       0.374000       0.630500   26
     -73.474998      18.408001      32.000000       0.537300       1.889500      -2.792500       0.903000      -1.199000       0.320000       0.523000   26
     -73.569580      18.404819      32.000000       0.413500       1.602500      -2.007000       0.404500      -0.969000      -0.071500       0.282000   26
     -73.664169      18.401600      32.000000       0.160500       6.925000      -6.300000      -0.625000      -3.980000      -2.335000       0.540000   26
     -73.758743      18.398331      32.000000       0.104300       0.180000      -3.845000       3.665000      -0.755000      -2.660000      -2.355000   26
     -73.853317      18.395010      32.000000       0.162000      -2.765000      -6.005000       8.770000      -1.230000      -2.945000      -1.070000   26
     -73.947891      18.391649      32.000000       0.247100      -0.591500      -0.561000       1.152500      -0.689500       0.196000      -0.138000   26
     -74.042458      18.388229      32.000000       0.279100      -0.040000      -1.334500       1.374500      -0.313500       0.084000      -0.087500   26
     -74.137016      18.384781      32.000000       0.357500       0.265000      -1.845000       1.580000      -0.099500       0.232500      -0.427000   26
     -74.231583      18.381269      32.000000       0.203900      -1.330000      -8.210000       9.540000      -3.600000      -0.530000      -3.260000   26
     -74.326134      18.377720      32.000000       0.158500      -0.680000      -5.210000       5.890000      -5.260000      -2.315000      -1.905000   26
     -74.420692      18.374121      32.000000       0.092800      -2.920000       1.755000       1.165000      -3.710000       0.800000      -0.985000   26
     -72.907417      18.426069      27.000000       0.128800      -4.270000       1.260000       3.010000       1.800000      -4.560000      -1.740000   26
     -73.002022      18.423180      27.000000       0.145700      -5.180000       0.270000       4.910000       0.705000      -3.865000      -3.710000   26
     -73.096626      18.420240      27.000000       0.198700      -2.565000      -7.409999       9.974999      -1.695000      -5.105000       0.505000   26
     -73.191223      18.417250      27.000000       0.455900       0.789500      -2.379000       1.589500      -0.342500      -0.697500       0.545500   26
     -73.285820      18.414209      27.000000       0.731400       2.009000      -4.406500       2.397500      -0.633500       0.401500       0.998000   26
     -73.380409      18.411131      27.000000       0.953300       2.691500      -5.305500       2.614000      -1.815500       0.921500       1.217500   26
     -73.474998      18.408001      27.000000       0.871700       2.864500      -4.700000       1.835500      -1.889500       0.564500       1.081000   26
     -73.569580      18.404819      27.000000       0.656400       2.463000      -3.283000       0.820000      -1.477500      -0.005000       0.657000   26
     -73.664169      18.401600      27.000000       0.306800       1.229500      -1.202500      -0.027000      -0.731000      -0.594000       0.190500   26
     -73.758743      18.398331      27.000000       0.189300      -2.855000      -3.690000       6.545000      -2.840000      -6.610000      -2.540000   26
     -73.853317      18.395010      27.000000       0.301500      -0.701000      -1.000500       1.701500      -0.222000      -0.466500      -0.300500   26
     -73.947891      18.391649      27.000000       0.446600      -0.964000      -1.283000       2.247000      -1.034500       0.254500      -0.226000   26
     -74.042458      18.388229      27.000000       0.523800      -0.239000      -2.419000       2.658000      -0.533000       0.266500      -0.182000   26
     -74.137016      18.384781      27.000000       0.681700       0.477000      -3.545000       3.068000      -0.375000       0.326000      -0.652500   26
     -74.231583      18.381269      27.000000       0.429000      -0.242500      -1.832000       2.074500      -0.635500      -0.095500      -0.575500   26
     -74.326134      18.377720      27.000000       0.258800      -0.421000      -0.691500       1.112500      -0.786000      -0.175000      -0.346000   26
     -74.420692      18.374121      27.000000       0.126400      -3.370000       0.320000       3.050000      -5.090000       0.775000      -2.075000   26
     -72.907417      18.426069      22.000000       0.160700      -6.920000       3.260000       3.660000       0.815000      -3.595000      -3.870000   26
     -73.002022      18.423180      22.000000       0.233400      -1.036500       0.378000       0.658500      -0.111000      -0.602500      -0.435500   26
     -73.096626      18.420240      22.000000       0.238500      -0.622500      -0.636500       1.259000      -0.274500      -0.559000       0.139500   26
     -73.191223      18.417250      22.000000       0.548600       0.588000      -2.731000       2.143000      -0.274000      -0.873000       0.719000   26
     -73.285820      18.414209      22.000000       0.932900       2.263000      -5.480500       3.217499      -1.068500       0.381500       1.393000   26
     -73.380409      18.411131      22.000000       1.202600       3.028000      -6.540500       3.512500      -2.907500       0.978500       1.844000   26
     -73.474998      18.408001      22.000000       1.137700       3.211000      -5.713500       2.502500      -3.231000       0.457500       1.777500   26
     -73.569580      18.404819      22.000000       0.871400       2.674500      -3.760500       1.086000      -2.720500       0.059000       1.239500   26
     -73.664169      18.401600      22.000000       0.417800       0.973000      -1.013500       0.040500      -1.554500      -0.910000       0.531500   26
     -73.758743      18.398331      22.000000       0.248700      -1.022500       0.161000       0.861500      -0.399500      -0.725000      -0.038500   26
     -73.853317      18.395010      22.000000       0.404300      -1.404000      -0.934500       2.338500      -0.177500      -0.560500      -0.416000   26
     -73.947891      18.391649      22.000000       0.597200      -1.095000      -2.098000       3.193000      -0.994500       0.260000      -0.417500   26
     -74.042458      18.388229      22.000000       0.739800      -0.301500      -3.435500       3.737000      -0.776500       0.307000      -0.270000   26
     -74.137016      18.384781      22.000000       0.913400       0.482000      -4.721500       4.239500      -0.540000       0.301500      -0.642000   26
     -74.231583      18.381269      22.000000       0.651900      -0.240000      -2.982500       3.222500      -0.617500      -0.379000      -0.665000   26
     -74.326134      18.377720      22.000000       0.369600      -0.839500      -0.963500       1.803000      -0.830000      -0.268000      -0.465500   26
     -74.420692      18.374121      22.000000       0.181000      -4.655000      -2.140001       6.795001      -6.260000       0.130000      -3.020000   26
     -72.907417      18.426069      17.000000       0.219500      -1.073000       0.690000       0.383000      -0.044000      -0.327500      -0.467000   26
     -73.002022      18.423180      17.000000       0.312000      -1.609500       0.846500       0.763000      -0.371500      -0.610000      -0.464500   26
     -73.096626      18.420240      17.000000       0.283300      -0.988500      -0.515000       1.503500      -0.272500      -0.555500       0.170000   26
     -73.191223      18.417250      17.000000       0.610300       0.342000      -2.943000       2.601000      -0.318500      -0.866500       0.829500   26
     -73.285820      18.414209      17.000000       1.011100       1.907500      -5.586000       3.678500      -1.347500       0.234000       1.713500   26
     -73.380409      18.411131      17.000000       1.301200       2.886500      -6.860000       3.973500      -3.496500       0.696000       2.451000   26
     -73.474998      18.408001      17.000000       1.272500       3.037000      -5.903500       2.866500      -4.051500       0.458500       2.385000   26
     -73.569580      18.404819      17.000000       0.948100       2.250500      -3.490500       1.240000      -3.422000       0.140500       1.735500   26
     -73.664169      18.401600      17.000000       0.525600       0.269500      -0.486000       0.216500      -2.167500      -1.234500       0.895000   26
     -73.758743      18.398331      17.000000       0.387400      -1.875000       0.831000       1.044000      -0.612500      -1.001000       0.247000   26
     -73.853317      18.395010      17.000000       0.509400      -2.202500      -0.524000       2.726500      -0.131000      -0.500500      -0.412500   26
     -73.947891      18.391649      17.000000       0.754300      -0.927000      -3.054500       3.981500      -1.045500       0.064500      -0.553000   26
     -74.042458      18.388229      17.000000       0.974000      -0.073000      -4.717500       4.790500      -0.972000       0.124500      -0.402000   26
     -74.137016      18.384781      17.000000       1.110200       0.527000      -5.762001       5.235001      -0.543500       0.086500      -0.557500   26
     -74.231583      18.381269      17.000000       0.863200      -0.237500      -4.070500       4.308000      -0.639500      -0.457000      -0.661500   26
     -74.326134      18.377720      17.000000       0.468300      -1.128500      -1.411500       2.540000      -0.704000      -0.357500      -0.477500   26
     -74.420692      18.374121      17.000000       0.232800      -0.621500      -0.469000       1.090500      -0.569500      -0.117500      -0.345000   26
     -72.907417      18.426069      12.000000       0.304100      -1.542000       1.184000       0.358000      -0.070000      -0.354500      -0.504500   26
     -73.002022      18.423180      12.000000       0.404400      -2.235500       1.471000       0.764500      -0.329000      -0.534500      -0.429000   26
     -73.096626      18.420240      12.000000       0.362200      -1.541500      -0.161500       1.703000      -0.513000      -0.595000       0.108500   26
     -73.191223      18.417250      12.000000       0.623800      -0.118500      -2.776000       2.894500      -0.488000      -0.786500       0.941500   26
     -73.285820      18.414209      12.000000       1.036500       1.417000      -5.263500       3.846500      -1.671000      -0.104500       1.989000   26
     -73.380409      18.411131      12.000000       1.366900       2.769000      -6.969500       4.200500      -3.528500       0.619000       2.824500   26
     -73.474998      18.408001      12.000000       1.300300       2.878000      -5.921000       3.043000      -4.112999       0.533500       2.800000   26
     -73.569580      18.404819      12.000000       0.950800       1.777500      -3.152000       1.374500      -3.567500       0.121500       2.049000   26
     -73.664169      18.401600      12.000000       0.605900      -0.539500       0.137000       0.402500      -2.595500      -1.006000       1.150500   26
     -73.758743      18.398331      12.000000       0.551400      -2.970500       1.670000       1.300500      -0.709500      -1.072500       0.412500   26
     -73.853317      18.395010      12.000000       0.605300      -2.960500      -0.038500       2.999000       0.119000      -0.318000      -0.414000   26
     -73.947891      18.391649      12.000000       0.866800      -1.200000      -3.431500       4.631500      -1.166500       0.007000      -0.689500   26
     -74.042458      18.388229      12.000000       1.177200       0.114500      -5.783500       5.669001      -1.273500       0.067500      -0.567500   26
     -74.137016      18.384781      12.000000       1.245900       0.366000      -6.368500       6.002500      -0.588500      -0.000000      -0.483000   26
     -74.231583      18.381269      12.000000       0.978400      -0.598000      -4.522000       5.120000      -0.501500      -0.374000      -0.506000   26
     -74.326134      18.377720      12.000000       0.552700      -1.345500      -1.865500       3.211000      -0.550500      -0.356000      -0.391000   26
     -74.420692      18.374121      12.000000       0.265400      -1.005000      -0.388500       1.393500      -0.361500      -0.220000      -0.270000   26
     -72.907417      18.426069       7.000000       0.370100      -1.905500       1.581000       0.324500       0.113000      -0.269500      -0.494000   26
     -73.002022      18.423180       7.000000       0.475900      -2.647000       1.857500       0.789500      -0.373500      -0.405000      -0.440000   26
     -73.096626      18.420240       7.000000       0.416200      -2.104500       0.247500       1.857000      -0.510500      -0.436000       0.011500   26
     -73.191223      18.417250       7.000000       0.594400      -0.496000      -2.472500       2.968500      -0.433500      -0.508500       1.007000   26
     -73.285820      18.414209       7.000000       1.067400       1.126500      -5.051000       3.924500      -1.986000      -0.357500       2.193000   26
     -73.380409      18.411131       7.000000       1.374200       2.480500      -6.675000       4.194500      -3.627500       0.590000       3.048000   26
     -73.474998      18.408001       7.000000       1.287600       2.478000      -5.539500       3.061500      -4.172501       0.593000       3.057500   26
     -73.569580      18.404819       7.000000       0.939300       1.078000      -2.485500       1.407500      -3.703500       0.141500       2.284500   26
     -73.664169      18.401600       7.000000       0.646800      -1.181500       0.577000       0.604500      -2.716500      -0.575500       1.307500   26
     -73.758743      18.398331       7.000000       0.689200      -3.863500       2.362000       1.501500      -0.852500      -0.967500       0.455500   26
     -73.853317      18.395010       7.000000       0.680100      -3.531000       0.314500       3.216500       0.080500      -0.150000      -0.365500   26
     -73.947891      18.391649       7.000000       0.950900      -1.167500      -3.904000       5.071500      -1.147500       0.080500      -0.749500   26
     -74.042458      18.388229       7.000000       1.310500       0.295000      -6.563500       6.268500      -1.183500      -0.001000      -0.697000   26
     -74.137016      18.384781       7.000000       1.363000       0.379500      -6.951499       6.571999      -0.726000      -0.068500      -0.486500   26
     -74.231583      18.381269       7.000000       1.053000      -0.844000      -4.809500       5.653500      -0.398500      -0.227000      -0.318000   26
     -74.326134      18.377720       7.000000       0.613100      -1.614500      -2.100500       3.715000      -0.433500      -0.350500      -0.275000   26
     -74.420692      18.374121       7.000000       0.291200      -1.303000      -0.263000       1.566000      -0.017500      -0.203000      -0.159000   26
     -72.907417      18.426069       2.000000       0.407000      -2.124000       1.756000       0.368000       0.167500      -0.145000      -0.509000   26
     -73.002022      18.423180       2.000000       0.518300      -2.862500       2.046500       0.816000      -0.509500      -0.299500      -0.470000   26
     -73.096626      18.420240       2.000000       0.442700      -2.374500       0.451000       1.923500      -0.437000      -0.370500       0.005500   26
     -73.191223      18.417250       2.000000       0.563900      -0.746500      -2.213000       2.959500      -0.311000      -0.299000       1.034000   26
     -73.285820      18.414209       2.000000       1.075800       1.053500      -5.010000       3.956500      -2.026500      -0.376500       2.261000   26
     -73.380409      18.411131       2.000000       1.353400       2.109500      -6.203500       4.094000      -3.668000       0.418500       3.162500   26
     -73.474998      18.408001       2.000000       1.265800       2.087500      -5.077500       2.990000      -4.236000       0.643500       3.175000   26
     -73.569580      18.404819       2.000000       0.925700       0.609000      -2.035500       1.426500      -3.698000       0.256000       2.424000   26
     -73.664169      18.401600       2.000000       0.657800      -1.567000       0.818000       0.749000      -2.630500      -0.245000       1.416000   26
     -73.758743      18.398331       2.000000       0.781100      -4.442000       2.804500       1.637500      -1.019500      -0.728000       0.464000   26
     -73.853317      18.395010       2.000000       0.730300      -3.930000       0.622000       3.308000      -0.135500      -0.324500      -0.299000   26
     -73.947891      18.391649       2.000000       1.010100      -1.056500      -4.259500       5.316000      -1.205500       0.086500      -0.789500   26
     -74.042458      18.388229       2.000000       1.389700       0.427000      -7.006500       6.579500      -1.277500       0.077000      -0.816000   26
     -74.137016      18.384781       2.000000       1.437200       0.492000      -7.375000       6.883000      -0.780500      -0.131500      -0.499000   26
     -74.231583      18.381269       2.000000       1.112100      -0.760500      -5.164999       5.925499      -0.271500      -0.148500      -0.239000   26
     -74.326134      18.377720       2.000000       0.630600      -1.932000      -2.027500       3.959500      -0.332000      -0.245500      -0.199500   26
     -74.420692      18.374121       2.000000       0.322000      -1.535000      -0.140000       1.675000       0.066500      -0.008000      -0.116500   26
