     -72.910057      18.505239      29.975880       0.085600      -2.530000       1.280000       1.250000      -0.060000      -3.805000      -0.425000   26
     -73.004707      18.502350      29.975880       0.061500      -2.760000       1.415000       1.345000      -0.615000      -0.765000      -1.670000   26
     -73.099350      18.499399      29.975880       0.117900      -0.200000      -3.165000       3.365000      -2.395000      -4.455000       0.150000   26
     -73.193993      18.496420      29.975880       0.268600       0.512000      -1.316000       0.804000      -0.545500      -0.358000       0.355000   26
     -73.288628      18.493380      29.975880       0.347400       1.033500      -2.088000       1.054500      -0.592500       0.043500       0.531500   26
     -73.383270      18.490290      29.975880       0.437700       1.355500      -2.486000       1.130500      -0.858000       0.291500       0.573500   26
     -73.477890      18.487160      29.975880       0.454600       1.577500      -2.428500       0.851000      -0.955500       0.186000       0.585500   26
     -73.572517      18.483990      29.975880       0.321700       1.119500      -1.565500       0.446000      -0.658000      -0.254500       0.499500   26
     -73.667152      18.480761      29.975880       0.175700       5.535000      -7.505000       1.970000      -2.555000      -4.420000       2.530000   26
     -73.761772      18.477489      29.975880       0.113000       1.005000      -4.995000       3.990000       1.015000      -3.245000      -0.015000   26
     -73.856392      18.474171      29.975880       0.170600      -2.300000      -6.895000       9.195000       1.625000      -2.245000      -0.015000   26
     -73.950996      18.470800      29.975880       0.209700      -0.628000      -0.590000       1.218000       0.258000       0.117000      -0.011500   26
     -74.045609      18.467390      29.975880       0.258500      -0.063500      -1.239500       1.303000       0.159500       0.169000      -0.021500   26
     -74.140221      18.463930      29.975880       0.347700       0.139500      -1.743000       1.603500       0.153000       0.285000      -0.336500   26
     -74.234818      18.460421      29.975880       0.201800      -0.243000      -0.828500       1.071500      -0.036500       0.058000      -0.333000   26
     -74.329422      18.456860      29.975880       0.160800      -1.025000      -5.185000       6.210000      -4.650000      -0.155000      -3.370000   26
     -74.424011      18.453260      29.975880       0.098400      -3.200000       2.505000       0.695000      -3.650000       0.440000      -1.485000   26
     -72.909401      18.485451      25.481911       0.128100      -3.445000       0.975000       2.470000      -0.825000      -5.465000      -1.390000   26
     -73.004044      18.482550      25.481911       0.164900      -5.430000       1.960000       3.470000      -4.390000      -5.685000      -2.360000   26
     -73.098671      18.479610      25.481911       0.215600      -2.020000      -4.920000       6.940000      -6.735000      -5.520000       1.470000   26
     -73.193298      18.476620      25.481911       0.442700       0.606500      -2.142000       1.535500      -0.804500      -0.567000       0.630500   26
     -73.287933      18.473591      25.481911       0.694100       1.923000      -4.102000       2.179000      -1.095500       0.426500       0.927500   26
     -73.382553      18.470501      25.481911       0.835800       2.359000      -4.432500       2.073500      -2.000500       0.786000       1.125000   26
     -73.477173      18.467369      25.481911       0.800700       2.588500      -4.023000       1.434500      -2.022500       0.495000       1.127500   26
     -73.571793      18.464199      25.481911       0.615200       2.079000      -2.757000       0.678000      -1.546000      -0.388500       1.019500   26
     -73.666397      18.460970      25.481911       0.359800       1.103500      -1.513500       0.410000      -0.404000      -0.954500       0.598500   26
     -73.761009      18.457701      25.481911       0.177100      -3.660000      -3.460000       7.120000       2.545000      -5.935000       1.035000   26
     -73.855621      18.454380      25.481911       0.288800      -0.754000      -1.004000       1.758000       0.178000      -0.266000      -0.100000   26
     -73.950218      18.451010      25.481911       0.385500      -1.069500      -1.337500       2.407000       0.118500       0.415000      -0.092500   26
     -74.044823      18.447599      25.481911       0.507800      -0.186000      -2.430000       2.616000       0.101500       0.271500      -0.061500   26
     -74.139420      18.444139      25.481911       0.658500       0.297500      -3.383000       3.085500       0.072000       0.326000      -0.507500   26
     -74.234009      18.440630      25.481911       0.444400      -0.311000      -1.966000       2.277000      -0.317000      -0.008500      -0.559000   26
     -74.328598      18.437080      25.481911       0.278800      -0.538000      -0.712000       1.250000      -0.653000       0.129500      -0.575500   26
     -74.423180      18.433479      25.481911       0.125600      -3.705000       0.230000       3.475000      -4.365000      -0.025000      -2.860000   26
     -72.908737      18.465660      20.987940       0.171100      -5.765000       3.060000       2.705000      -2.720000      -6.500000      -2.860000   26
     -73.003372      18.462761      20.987940       0.274900      -1.076500       0.620000       0.456500      -0.780500      -0.895000      -0.241000   26
     -73.097992      18.459820      20.987940       0.299600      -0.545000      -0.486000       1.031000      -1.015000      -0.594500       0.268000   26
     -73.192612      18.456829      20.987940       0.545800       0.582000      -2.576500       1.994500      -1.028500      -0.645000       0.805000   26
     -73.287231      18.453800      20.987940       0.866900       2.182000      -5.009000       2.827000      -1.540500       0.403000       1.390000   26
     -73.381844      18.450710      20.987940       1.137900       3.145000      -5.783000       2.638000      -3.143500       0.812500       1.881000   26
     -73.476448      18.447580      20.987940       1.126000       3.546000      -5.351000       1.805000      -3.087500       0.490500       1.847000   26
     -73.571053      18.444401      20.987940       0.872400       2.897500      -3.751500       0.854000      -2.423000      -0.125500       1.556500   26
     -73.665657      18.441179      20.987940       0.447900       1.009000      -1.528000       0.519000      -0.961000      -1.232500       0.967500   26
     -73.760262      18.437910      20.987940       0.262000      -0.968000      -0.130000       1.098000       0.340500      -0.615000       0.378500   26
     -73.854851      18.434589      20.987940       0.389700      -1.268000      -1.185500       2.453500       0.161500      -0.354000      -0.063500   26
     -73.949448      18.431219      20.987940       0.588800      -0.869500      -2.471000       3.340500      -0.220500       0.397500      -0.179500   26
     -74.044029      18.427811      20.987940       0.739000      -0.193000      -3.574500       3.767500      -0.125000       0.396500      -0.130000   26
     -74.138618      18.424351      20.987940       0.904200       0.333500      -4.636000       4.302500      -0.121500       0.415500      -0.509000   26
     -74.233200      18.420839      20.987940       0.677800      -0.238500      -3.185000       3.423500      -0.323500      -0.189500      -0.645000   26
     -74.327782      18.417290      20.987940       0.369700      -0.875000      -1.077000       1.952000      -0.552500      -0.102500      -0.622500   26
     -74.422348      18.413691      20.987940       0.177800      -3.020000      -4.345000       7.365000      -5.000000      -1.150000      -3.530000   26
     -72.908081      18.445860      16.493971       0.221000      -8.665000       6.235000       2.430000      -4.900000      -7.485000      -3.095000   26
     -73.002693      18.442970      16.493971       0.385900      -1.651000       1.095500       0.555500      -1.100500      -0.952000      -0.249000   26
     -73.097313      18.440029      16.493971       0.373000      -0.852500      -0.444000       1.296500      -1.272000      -0.688000       0.341000   26
     -73.191917      18.437040      16.493971       0.637900       0.453500      -2.812500       2.359000      -1.432000      -0.712000       0.973000   26
     -73.286522      18.434000      16.493971       0.946900       1.929500      -5.030500       3.101000      -1.968000       0.150000       1.835000   26
     -73.381126      18.430920      16.493971       1.312000       3.488000      -6.413000       2.925000      -3.794000       0.589000       2.533500   26
     -73.475723      18.427790      16.493971       1.320300       4.010000      -6.004500       1.994500      -3.772000       0.543000       2.470000   26
     -73.570320      18.424610      16.493971       1.013300       3.179500      -4.093500       0.914000      -3.022500       0.081500       2.012500   26
     -73.664909      18.421391      16.493971       0.503800       0.596500      -1.211000       0.614500      -1.504500      -1.273000       1.298000   26
     -73.759499      18.418119      16.493971       0.383900      -1.628500       0.233500       1.395000       0.231000      -0.883000       0.727000   26
     -73.854088      18.414801      16.493971       0.493300      -1.881500      -1.072500       2.954000       0.247000      -0.262000       0.039500   26
     -73.948669      18.411440      16.493971       0.764000      -0.759500      -3.399500       4.159000      -0.371000       0.284500      -0.240500   26
     -74.043243      18.408020      16.493971       0.993500       0.074000      -4.958000       4.884000      -0.495500       0.388500      -0.264000   26
     -74.137817      18.404560      16.493971       1.098100       0.361000      -5.637500       5.276500      -0.219500       0.326500      -0.449500   26
     -74.232391      18.401060      16.493971       0.873600      -0.389500      -4.107500       4.497000      -0.317500      -0.193500      -0.646000   26
     -74.326958      18.397499      16.493971       0.472100      -0.996000      -1.719500       2.715500      -0.334000      -0.179500      -0.574000   26
     -74.421516      18.393900      16.493971       0.234200      -0.390000      -0.781000       1.171000      -0.403500      -0.132000      -0.373500   26
     -72.907417      18.426069      12.000000       0.317300      -1.363000       1.166500       0.196500      -0.569500      -0.824000      -0.329000   26
     -73.002022      18.423180      12.000000       0.487000      -2.219500       1.667500       0.552000      -1.170500      -1.042000      -0.182000   26
     -73.096626      18.420240      12.000000       0.460200      -1.338500      -0.119500       1.458000      -1.616500      -0.869500       0.339000   26
     -73.191223      18.417250      12.000000       0.690500       0.095000      -2.661500       2.566500      -1.833000      -0.729000       1.148000   26
     -73.285820      18.414209      12.000000       1.009200       1.573000      -4.755000       3.182000      -2.431500      -0.210000       2.175000   26
     -73.380409      18.411131      12.000000       1.346200       3.559500      -6.674500       3.115000      -3.672000       0.531000       2.900000   26
     -73.474998      18.408001      12.000000       1.371900       4.166500      -6.308500       2.142000      -3.738500       0.657500       2.875000   26
     -73.569580      18.404819      12.000000       1.037000       3.089500      -4.080000       0.990500      -3.128000       0.154500       2.297500   26
     -73.664169      18.401600      12.000000       0.542700       0.135500      -0.822500       0.687000      -1.950000      -0.837500       1.539500   26
     -73.758743      18.398331      12.000000       0.499600      -2.388000       0.674000       1.714000       0.204500      -0.899000       0.943500   26
     -73.853317      18.395010      12.000000       0.596000      -2.407000      -0.923500       3.330500       0.597500      -0.145000       0.125000   26
     -73.947891      18.391649      12.000000       0.886800      -0.975000      -3.884500       4.859500      -0.534000       0.218500      -0.315000   26
     -74.042458      18.388229      12.000000       1.200900       0.317000      -6.077000       5.760000      -0.924500       0.302500      -0.376500   26
     -74.137016      18.384781      12.000000       1.234100       0.244000      -6.261000       6.017000      -0.429500       0.259000      -0.375000   26
     -74.231583      18.381269      12.000000       0.979600      -0.761500      -4.490000       5.251500      -0.126000      -0.069500      -0.489000   26
     -74.326134      18.377720      12.000000       0.565700      -1.086000      -2.244000       3.330000      -0.102500      -0.188000      -0.421500   26
     -74.420692      18.374121      12.000000       0.237600      -0.715500      -0.755500       1.471000      -0.095000      -0.084000      -0.288000   26
     -72.906761      18.406281       7.506030       0.373500      -1.692000       1.554000       0.138000      -0.421000      -0.846000      -0.315000   26
     -73.001350      18.403379       7.506030       0.565500      -2.635000       2.049000       0.586000      -1.268000      -1.107000      -0.163000   26
     -73.095947      18.400440       7.506030       0.507600      -1.859000       0.304500       1.554500      -1.718000      -0.906000       0.299000   26
     -73.190529      18.397461       7.506030       0.678500      -0.225000      -2.397000       2.622000      -1.846500      -0.546500       1.247000   26
     -73.285118      18.394421       7.506030       1.069600       1.294500      -4.539500       3.245000      -2.827000      -0.513500       2.413000   26
     -73.379700      18.391340       7.506030       1.333100       3.426500      -6.502500       3.076000      -3.612500       0.566000       3.124500   26
     -73.474281      18.388210       7.506030       1.367200       4.077500      -6.169500       2.092000      -3.704500       0.740000       3.153000   26
     -73.568848      18.385031       7.506030       1.024000       2.807500      -3.715000       0.907500      -3.215500       0.187000       2.527500   26
     -73.663422      18.381809       7.506030       0.568000      -0.245500      -0.556000       0.801500      -2.162500      -0.257500       1.682500   26
     -73.757988      18.378540       7.506030       0.598900      -3.109500       1.186000       1.923500       0.203000      -0.825000       1.043000   26
     -73.852547      18.375219       7.506030       0.667400      -2.809500      -0.796499       3.606000       0.743000      -0.075500       0.221000   26
     -73.947113      18.371861       7.506030       0.978400      -0.977000      -4.329500       5.306500      -0.636000       0.247500      -0.329000   26
     -74.041672      18.368450       7.506030       1.332400       0.491500      -6.835500       6.344000      -0.898000       0.152000      -0.456000   26
     -74.136223      18.364990       7.506030       1.349600       0.280500      -6.841000       6.560501      -0.705500       0.182500      -0.361000   26
     -74.230766      18.361481       7.506030       1.043500      -1.018500      -4.699500       5.718000      -0.043000       0.071000      -0.285500   26
     -74.325310      18.357929       7.506030       0.624500      -1.292500      -2.458000       3.750500       0.105500      -0.197000      -0.254500   26
     -74.419853      18.354330       7.506030       0.282300      -0.994500      -0.645500       1.640000       0.302000      -0.002000      -0.167500   26
     -72.906097      18.386490       3.012060       0.400500      -1.844000       1.721000       0.123000      -0.423000      -0.803000      -0.332000   26
     -73.000687      18.383591       3.012060       0.638800      -3.012000       2.416000       0.596000      -1.323000      -1.203000      -0.163500   26
     -73.095268      18.380650       3.012060       0.541200      -2.119000       0.569500       1.549500      -1.792500      -0.953000       0.340000   26
     -73.189842      18.377661       3.012060       0.653200      -0.462000      -2.155500       2.617500      -1.764500      -0.351000       1.277500   26
     -73.284416      18.374630       3.012060       1.082300       1.102000      -4.377000       3.275000      -2.927500      -0.587000       2.513500   26
     -73.378990      18.371550       3.012060       1.301000       3.044000      -6.043500       2.999500      -3.633000       0.443000       3.237500   26
     -73.473549      18.368420       3.012060       1.330700       3.817500      -5.837000       2.019500      -3.666500       0.749500       3.324500   26
     -73.568123      18.365240       3.012060       0.988300       2.546000      -3.441500       0.895500      -3.131500       0.364000       2.661000   26
     -73.662682      18.362020       3.012060       0.573400      -0.446000      -0.427500       0.873500      -2.124000       0.104500       1.798500   26
     -73.757233      18.358749       3.012060       0.652900      -3.496500       1.418500       2.078000       0.274000      -0.699500       1.090000   26
     -73.851784      18.355431       3.012060       0.697500      -3.040000      -0.654500       3.694500       0.693000      -0.320000       0.303000   26
     -73.946327      18.352070       3.012060       1.034100      -0.992000      -4.585000       5.577000      -0.752500       0.197500      -0.341000   26
     -74.040878      18.348660       3.012060       1.406300       0.629500      -7.264000       6.634500      -0.980000       0.146000      -0.531000   26
     -74.135422      18.345200       3.012060       1.423800       0.503500      -7.311500       6.808000      -0.907000      -0.031500      -0.324000   26
     -74.229958      18.341690       3.012060       1.088400      -0.943500      -4.966000       5.909500       0.021000       0.113500      -0.176500   26
     -74.324493      18.338140       3.012060       0.644200      -1.551500      -2.401000       3.952500       0.273500      -0.080500      -0.162500   26
     -74.419022      18.334539       3.012060       0.329700      -1.227500      -0.520500       1.748000       0.518500       0.240500      -0.144000   26
