 Time, yloc, ave SR, max SR
   0.00000000      -20.0000000       0.00000000       0.00000000    
   1.00000000      -20.0000000       0.00000000       0.00000000    
   2.00000000      -20.0000000       0.00000000       0.00000000    
   3.00000000      -20.0000000       1.32117141E-02   3.47560011E-02
   4.00000000      -20.0000000       3.21857110E-02   6.55660033E-02
   5.00000000      -20.0000000       5.45677133E-02   7.93910027E-02
   6.00000000      -20.0000000       5.90590015E-02   8.30689967E-02
   7.00000000      -20.0000000       5.95481433E-02   6.85750023E-02
   8.00000000      -20.0000000       5.71194291E-02   5.36610000E-02
   9.00000000      -20.0000000       5.16424254E-02   4.85749990E-02
   10.0000000      -20.0000000       5.05637154E-02   3.82849984E-02
   11.0000000      -20.0000000       4.04111445E-02   3.44440006E-02
   12.0000000      -20.0000000       4.69341464E-02   3.50480005E-02
   13.0000000      -20.0000000       5.55364266E-02   3.86100002E-02
   14.0000000      -20.0000000       4.62282896E-02   3.19090001E-02
   15.0000000      -20.0000000       5.55382892E-02   3.99830006E-02
   16.0000000      -20.0000000       6.25591427E-02   4.87259999E-02
   17.0000000      -20.0000000       6.09651394E-02   4.33880016E-02
   18.0000000      -20.0000000       4.00331356E-02   3.66499983E-02
   19.0000000      -20.0000000       3.59057151E-02   3.34919989E-02
   20.0000000      -20.0000000       3.71308587E-02   3.09219994E-02
   21.0000000      -20.0000000       3.05834282E-02   3.20469998E-02
   22.0000000      -20.0000000       4.05274332E-02   4.94109988E-02
   23.0000000      -20.0000000       3.72744277E-02   5.90079986E-02
   24.0000000      -20.0000000       2.49784291E-02   4.67210002E-02
   25.0000000      -20.0000000       1.32587152E-02   2.99730003E-02
   26.0000000      -20.0000000       1.37508567E-02   3.41579989E-02
   27.0000000      -20.0000000       1.46107143E-02   4.01890017E-02
   28.0000000      -20.0000000       1.46655720E-02   3.96180004E-02
   29.0000000      -20.0000000       1.08572859E-02   3.85110006E-02
   30.0000000      -20.0000000       1.87714293E-03   8.12599994E-03
   31.0000000      -20.0000000       0.00000000       0.00000000    
   0.00000000      -15.0000000       0.00000000       0.00000000    
   1.00000000      -15.0000000       1.04957144E-03   2.80999998E-03
   2.00000000      -15.0000000       2.44498570E-02   5.39419986E-02
   3.00000000      -15.0000000       4.45201397E-02   8.06050003E-02
   4.00000000      -15.0000000       7.06032813E-02  0.118658997    
   5.00000000      -15.0000000       8.95789936E-02  0.134928003    
   6.00000000      -15.0000000       9.07627195E-02  0.130086005    
   7.00000000      -15.0000000       8.43331367E-02   9.61470008E-02
   8.00000000      -15.0000000       8.60998556E-02   7.62030035E-02
   9.00000000      -15.0000000       7.86337182E-02   7.01790005E-02
   10.0000000      -15.0000000       7.48942867E-02   5.76619990E-02
   11.0000000      -15.0000000       6.95954338E-02   6.13260008E-02
   12.0000000      -15.0000000       6.95864186E-02   5.48859984E-02
   13.0000000      -15.0000000       8.18512887E-02   5.43650016E-02
   14.0000000      -15.0000000       8.54475647E-02   7.25200027E-02
   15.0000000      -15.0000000       8.52525756E-02   6.76309988E-02
   16.0000000      -15.0000000       8.46409947E-02   6.66590035E-02
   17.0000000      -15.0000000       7.58628622E-02   5.80549985E-02
   18.0000000      -15.0000000       6.06668591E-02   6.77540004E-02
   19.0000000      -15.0000000       5.86725697E-02   6.08309992E-02
   20.0000000      -15.0000000       5.71412854E-02   5.48840016E-02
   21.0000000      -15.0000000       5.36179952E-02   6.49320036E-02
   22.0000000      -15.0000000       5.63818552E-02   8.19389969E-02
   23.0000000      -15.0000000       4.97994311E-02   8.07060003E-02
   24.0000000      -15.0000000       3.90929990E-02   7.10719973E-02
   25.0000000      -15.0000000       1.96075719E-02   3.90740000E-02
   26.0000000      -15.0000000       1.82840023E-02   4.29680012E-02
   27.0000000      -15.0000000       2.11558547E-02   6.00700006E-02
   28.0000000      -15.0000000       1.91358570E-02   6.17309995E-02
   29.0000000      -15.0000000       1.44208577E-02   5.52860014E-02
   30.0000000      -15.0000000       2.51200004E-03   1.24120004E-02
   31.0000000      -15.0000000       0.00000000       0.00000000    
   0.00000000      -10.0000000       3.18099977E-03   8.39000009E-03
   1.00000000      -10.0000000       2.84077134E-02   7.30720013E-02
   2.00000000      -10.0000000       5.26392832E-02  0.114580996    
   3.00000000      -10.0000000       7.11264238E-02  0.130588993    
   4.00000000      -10.0000000       8.79785791E-02  0.147441000    
   5.00000000      -10.0000000      0.104733147      0.162360996    
   6.00000000      -10.0000000      0.103153706      0.142656997    
   7.00000000      -10.0000000       9.07407179E-02  0.107794002    
   8.00000000      -10.0000000       8.69765803E-02   8.49869996E-02
   9.00000000      -10.0000000       9.19588432E-02   7.75839984E-02
   10.0000000      -10.0000000       9.01560113E-02   7.90579990E-02
   11.0000000      -10.0000000       8.35084245E-02   7.24209994E-02
   12.0000000      -10.0000000       8.79962891E-02   6.79989979E-02
   13.0000000      -10.0000000       8.92424211E-02   6.37480021E-02
   14.0000000      -10.0000000      0.110820852       9.86500010E-02
   15.0000000      -10.0000000      0.101942703      0.100895002    
   16.0000000      -10.0000000       9.77377221E-02   8.81040022E-02
   17.0000000      -10.0000000       9.11915675E-02   8.65309983E-02
   18.0000000      -10.0000000       7.77112842E-02   8.46770033E-02
   19.0000000      -10.0000000       7.52627179E-02   9.20649990E-02
   20.0000000      -10.0000000       7.54962787E-02   8.10310021E-02
   21.0000000      -10.0000000       6.91547170E-02   9.23679993E-02
   22.0000000      -10.0000000       6.41774312E-02   9.38230008E-02
   23.0000000      -10.0000000       4.79154289E-02   7.79030025E-02
   24.0000000      -10.0000000       3.17188576E-02   6.50240034E-02
   25.0000000      -10.0000000       2.39482857E-02   4.79819998E-02
   26.0000000      -10.0000000       1.97782852E-02   4.88430001E-02
   27.0000000      -10.0000000       2.01088581E-02   5.83180003E-02
   28.0000000      -10.0000000       1.98632870E-02   6.65159971E-02
   29.0000000      -10.0000000       1.03378575E-02   4.26819995E-02
   30.0000000      -10.0000000       1.54685706E-03   6.51099999E-03
   31.0000000      -10.0000000       0.00000000       0.00000000    
   0.00000000      -5.00000000       1.68605708E-02   4.16390002E-02
   1.00000000      -5.00000000       4.66147140E-02  0.112419002    
   2.00000000      -5.00000000       7.43189976E-02  0.170954004    
   3.00000000      -5.00000000       9.65440050E-02  0.179941997    
   4.00000000      -5.00000000      0.108818576      0.173893005    
   5.00000000      -5.00000000      0.105148427      0.160155997    
   6.00000000      -5.00000000      0.105961151      0.140662000    
   7.00000000      -5.00000000       9.65429991E-02  0.106321998    
   8.00000000      -5.00000000       8.96150023E-02   9.45250019E-02
   9.00000000      -5.00000000       9.57907215E-02   8.92079994E-02
   10.0000000      -5.00000000       9.49637219E-02   8.11149999E-02
   11.0000000      -5.00000000       9.12534371E-02   7.29480013E-02
   12.0000000      -5.00000000       9.35264304E-02   7.08919987E-02
   13.0000000      -5.00000000      0.103068136       7.36100003E-02
   14.0000000      -5.00000000      0.109986283      0.102923997    
   15.0000000      -5.00000000      0.116185568      0.129072994    
   16.0000000      -5.00000000      0.110952280      0.126006007    
   17.0000000      -5.00000000       9.85801369E-02  0.109806001    
   18.0000000      -5.00000000       9.13204402E-02  0.102531999    
   19.0000000      -5.00000000       8.73217136E-02  0.109908000    
   20.0000000      -5.00000000       8.87301490E-02  0.111660004    
   21.0000000      -5.00000000       8.35292861E-02  0.108148001    
   22.0000000      -5.00000000       6.06584251E-02   9.02889967E-02
   23.0000000      -5.00000000       4.26221453E-02   7.56819993E-02
   24.0000000      -5.00000000       2.78818570E-02   5.73120005E-02
   25.0000000      -5.00000000       2.28321422E-02   4.62849997E-02
   26.0000000      -5.00000000       2.03784276E-02   4.78349999E-02
   27.0000000      -5.00000000       1.56337153E-02   4.60060015E-02
   28.0000000      -5.00000000       1.25264293E-02   4.25439999E-02
   29.0000000      -5.00000000       8.30700062E-03   3.02959997E-02
   30.0000000      -5.00000000       1.34142861E-03   5.78100001E-03
   31.0000000      -5.00000000       0.00000000       0.00000000    
   0.00000000       0.00000000       1.67924277E-02   4.31200005E-02
   1.00000000       0.00000000       4.90130000E-02  0.126673996    
   2.00000000       0.00000000       8.84400010E-02  0.199806005    
   3.00000000       0.00000000      0.110914290      0.214157000    
   4.00000000       0.00000000      0.124375857      0.197735995    
   5.00000000       0.00000000      0.108946010      0.155140996    
   6.00000000       0.00000000       9.92305726E-02  0.127289996    
   7.00000000       0.00000000       9.78101492E-02  0.108635001    
   8.00000000       0.00000000       9.86964330E-02  0.100993000    
   9.00000000       0.00000000      0.105546571       9.50160027E-02
   10.0000000       0.00000000      0.106320426       8.15609992E-02
   11.0000000       0.00000000      0.103269279       7.45590031E-02
   12.0000000       0.00000000      0.100800574       7.04080015E-02
   13.0000000       0.00000000      0.109136999       7.71519989E-02
   14.0000000       0.00000000      0.116246141      0.107781999    
   15.0000000       0.00000000      0.121769145      0.138910994    
   16.0000000       0.00000000      0.127164289      0.153159007    
   17.0000000       0.00000000      0.109785713      0.136577994    
   18.0000000       0.00000000      0.102933154      0.125257000    
   19.0000000       0.00000000      0.100043431      0.127316996    
   20.0000000       0.00000000      0.101022430      0.132081002    
   21.0000000       0.00000000       9.02394280E-02  0.118242003    
   22.0000000       0.00000000       5.91215715E-02   8.77429992E-02
   23.0000000       0.00000000       3.90097164E-02   7.01930001E-02
   24.0000000       0.00000000       2.89870016E-02   6.05279990E-02
   25.0000000       0.00000000       2.36082841E-02   4.64700013E-02
   26.0000000       0.00000000       1.87434275E-02   4.25239988E-02
   27.0000000       0.00000000       1.10357152E-02   3.13629992E-02
   28.0000000       0.00000000       7.34385755E-03   2.45459992E-02
   29.0000000       0.00000000       5.06057171E-03   2.01200005E-02
   30.0000000       0.00000000       1.08142861E-03   4.15399997E-03
   31.0000000       0.00000000       0.00000000       0.00000000    
   0.00000000       5.00000000       1.82154290E-02   4.75400016E-02
   1.00000000       5.00000000       4.47492860E-02  0.117569998    
   2.00000000       5.00000000       9.32589918E-02  0.203945994    
   3.00000000       5.00000000      0.121047296      0.239094004    
   4.00000000       5.00000000      0.126650721      0.206147000    
   5.00000000       5.00000000      0.114234999      0.162266999    
   6.00000000       5.00000000       9.94855762E-02  0.122762002    
   7.00000000       5.00000000      0.101249151      0.110715002    
   8.00000000       5.00000000      0.105693147      0.102334999    
   9.00000000       5.00000000      0.109774135       9.68689993E-02
   10.0000000       5.00000000      0.115047432       8.60589966E-02
   11.0000000       5.00000000      0.114014566       7.71239996E-02
   12.0000000       5.00000000      0.109517291       6.59739971E-02
   13.0000000       5.00000000      0.115232848       8.20219964E-02
   14.0000000       5.00000000      0.127839297      0.117849000    
   15.0000000       5.00000000      0.132886559      0.146503001    
   16.0000000       5.00000000      0.132852286      0.159908995    
   17.0000000       5.00000000      0.128121704      0.154955998    
   18.0000000       5.00000000      0.115053870      0.149788007    
   19.0000000       5.00000000      0.115024708      0.146753997    
   20.0000000       5.00000000      0.105556853      0.141664997    
   21.0000000       5.00000000       8.80114362E-02  0.124123998    
   22.0000000       5.00000000       5.96211441E-02   9.13780034E-02
   23.0000000       5.00000000       4.01015691E-02   7.09490031E-02
   24.0000000       5.00000000       3.15001421E-02   6.04659989E-02
   25.0000000       5.00000000       2.60560010E-02   5.40480018E-02
   26.0000000       5.00000000       2.05111410E-02   4.53340001E-02
   27.0000000       5.00000000       1.13382852E-02   2.87469998E-02
   28.0000000       5.00000000       5.78214275E-03   1.89239997E-02
   29.0000000       5.00000000       4.74042865E-03   1.97940003E-02
   30.0000000       5.00000000       1.04571425E-03   4.66800015E-03
   31.0000000       5.00000000       0.00000000       0.00000000    
   0.00000000       10.0000000       3.67771438E-03   1.07110003E-02
   1.00000000       10.0000000       3.69878523E-02   9.86760035E-02
   2.00000000       10.0000000       9.38687176E-02  0.204648003    
   3.00000000       10.0000000      0.123486422      0.244736001    
   4.00000000       10.0000000      0.126112133      0.215700999    
   5.00000000       10.0000000      0.119193994      0.166907996    
   6.00000000       10.0000000      0.105700009      0.119925000    
   7.00000000       10.0000000      0.106720857      0.113172002    
   8.00000000       10.0000000      0.110639431      0.102406003    
   9.00000000       10.0000000      0.115391850       9.34540033E-02
   10.0000000       10.0000000      0.123064145       9.34870020E-02
   11.0000000       10.0000000      0.115861431       7.65149966E-02
   12.0000000       10.0000000      0.120989144       7.38729984E-02
   13.0000000       10.0000000      0.128222570      0.101985000    
   14.0000000       10.0000000      0.143872425      0.121349998    
   15.0000000       10.0000000      0.143727019      0.149537995    
   16.0000000       10.0000000      0.136513576      0.165272996    
   17.0000000       10.0000000      0.130436286      0.156975001    
   18.0000000       10.0000000      0.134463444      0.165171996    
   19.0000000       10.0000000      0.123109423      0.160185993    
   20.0000000       10.0000000      0.106534287      0.146093994    
   21.0000000       10.0000000       8.73632878E-02  0.122300997    
   22.0000000       10.0000000       6.27325699E-02   9.44039971E-02
   23.0000000       10.0000000       4.29711416E-02   7.58040026E-02
   24.0000000       10.0000000       3.21765728E-02   6.24830015E-02
   25.0000000       10.0000000       2.70234291E-02   5.60019985E-02
   26.0000000       10.0000000       2.02785712E-02   4.98070009E-02
   27.0000000       10.0000000       1.24687133E-02   3.32419984E-02
   28.0000000       10.0000000       7.22428551E-03   2.44079996E-02
   29.0000000       10.0000000       3.70857120E-03   1.64509993E-02
   30.0000000       10.0000000       5.79428568E-04   2.83499993E-03
   31.0000000       10.0000000       0.00000000       0.00000000    
