 Time, xloc, ave SR, max SR
   0.00000000      -60.0000000       0.00000000       0.00000000    
   1.00000000      -60.0000000       0.00000000       0.00000000    
   2.00000000      -60.0000000       0.00000000       0.00000000    
   3.00000000      -60.0000000       0.00000000       0.00000000    
   4.00000000      -60.0000000       0.00000000       0.00000000    
   5.00000000      -60.0000000       0.00000000       0.00000000    
   6.00000000      -60.0000000       0.00000000       0.00000000    
   7.00000000      -60.0000000       0.00000000       0.00000000    
   8.00000000      -60.0000000       0.00000000       0.00000000    
   9.00000000      -60.0000000       2.81814276E-03   6.75799977E-03
   10.0000000      -60.0000000       2.35678572E-02   4.50109988E-02
   11.0000000      -60.0000000       3.55990008E-02   6.02600016E-02
   12.0000000      -60.0000000       3.51464301E-02   4.27169986E-02
   13.0000000      -60.0000000       4.14087139E-02   5.02999984E-02
   14.0000000      -60.0000000       4.16785739E-02   5.15239984E-02
   15.0000000      -60.0000000       4.16010022E-02   5.24780005E-02
   16.0000000      -60.0000000       4.05442901E-02   4.82800007E-02
   17.0000000      -60.0000000       3.50752845E-02   4.55200002E-02
   18.0000000      -60.0000000       2.39257123E-02   3.58369984E-02
   19.0000000      -60.0000000       2.31234301E-02   3.69490013E-02
   20.0000000      -60.0000000       2.77611446E-02   3.98439988E-02
   21.0000000      -60.0000000       3.02288570E-02   4.19490002E-02
   22.0000000      -60.0000000       2.86472850E-02   3.98869999E-02
   23.0000000      -60.0000000       2.59095710E-02   4.09980007E-02
   24.0000000      -60.0000000       8.95571522E-03   2.38620006E-02
   25.0000000      -60.0000000       9.15714263E-05   4.06000006E-04
   26.0000000      -60.0000000       0.00000000       0.00000000    
   27.0000000      -60.0000000       0.00000000       0.00000000    
   28.0000000      -60.0000000       0.00000000       0.00000000    
   29.0000000      -60.0000000       0.00000000       0.00000000    
   30.0000000      -60.0000000       0.00000000       0.00000000    
   31.0000000      -60.0000000       0.00000000       0.00000000    
   0.00000000      -50.0000000       0.00000000       0.00000000    
   1.00000000      -50.0000000       0.00000000       0.00000000    
   2.00000000      -50.0000000       0.00000000       0.00000000    
   3.00000000      -50.0000000       0.00000000       0.00000000    
   4.00000000      -50.0000000       0.00000000       0.00000000    
   5.00000000      -50.0000000       0.00000000       0.00000000    
   6.00000000      -50.0000000       0.00000000       0.00000000    
   7.00000000      -50.0000000       9.87714273E-04   2.21300009E-03
   8.00000000      -50.0000000       2.11831443E-02   4.32850011E-02
   9.00000000      -50.0000000       3.75557132E-02   5.00359982E-02
   10.0000000      -50.0000000       3.79315726E-02   5.43569997E-02
   11.0000000      -50.0000000       3.50592844E-02   6.82040006E-02
   12.0000000      -50.0000000       4.29662839E-02   6.71869963E-02
   13.0000000      -50.0000000       4.85418551E-02   6.25279993E-02
   14.0000000      -50.0000000       5.21355681E-02   6.96989968E-02
   15.0000000      -50.0000000       5.88501431E-02   6.97520003E-02
   16.0000000      -50.0000000       5.71144260E-02   6.37639984E-02
   17.0000000      -50.0000000       4.73907180E-02   6.38810024E-02
   18.0000000      -50.0000000       3.09424307E-02   4.32800017E-02
   19.0000000      -50.0000000       2.79961433E-02   3.33199985E-02
   20.0000000      -50.0000000       2.79408582E-02   3.21730003E-02
   21.0000000      -50.0000000       2.66262870E-02   3.66620012E-02
   22.0000000      -50.0000000       1.40049998E-02   2.98159998E-02
   23.0000000      -50.0000000       4.47142869E-04   3.13000008E-03
   24.0000000      -50.0000000       0.00000000       0.00000000    
   25.0000000      -50.0000000       0.00000000       0.00000000    
   26.0000000      -50.0000000       0.00000000       0.00000000    
   27.0000000      -50.0000000       0.00000000       0.00000000    
   28.0000000      -50.0000000       0.00000000       0.00000000    
   29.0000000      -50.0000000       0.00000000       0.00000000    
   30.0000000      -50.0000000       0.00000000       0.00000000    
   31.0000000      -50.0000000       0.00000000       0.00000000    
   0.00000000      -40.0000000       0.00000000       0.00000000    
   1.00000000      -40.0000000       0.00000000       0.00000000    
   2.00000000      -40.0000000       0.00000000       0.00000000    
   3.00000000      -40.0000000       0.00000000       0.00000000    
   4.00000000      -40.0000000       0.00000000       0.00000000    
   5.00000000      -40.0000000       0.00000000       0.00000000    
   6.00000000      -40.0000000       1.74642857E-02   3.29720005E-02
   7.00000000      -40.0000000       3.28788571E-02   4.06709984E-02
   8.00000000      -40.0000000       4.20942865E-02   5.11859991E-02
   9.00000000      -40.0000000       5.15227132E-02   6.54029995E-02
   10.0000000      -40.0000000       5.14028594E-02   5.65290004E-02
   11.0000000      -40.0000000       4.29381430E-02   6.94750026E-02
   12.0000000      -40.0000000       4.12144288E-02   7.38729984E-02
   13.0000000      -40.0000000       4.26279977E-02   6.66050017E-02
   14.0000000      -40.0000000       4.36984301E-02   6.53240010E-02
   15.0000000      -40.0000000       5.18097170E-02   6.38199970E-02
   16.0000000      -40.0000000       5.26351444E-02   6.66590035E-02
   17.0000000      -40.0000000       4.14288603E-02   5.75629994E-02
   18.0000000      -40.0000000       2.67650001E-02   3.94270010E-02
   19.0000000      -40.0000000       2.31991429E-02   3.09999995E-02
   20.0000000      -40.0000000       1.38952862E-02   2.12019999E-02
   21.0000000      -40.0000000       9.27571382E-04   6.49299985E-03
   22.0000000      -40.0000000       0.00000000       0.00000000    
   23.0000000      -40.0000000       0.00000000       0.00000000    
   24.0000000      -40.0000000       0.00000000       0.00000000    
   25.0000000      -40.0000000       0.00000000       0.00000000    
   26.0000000      -40.0000000       0.00000000       0.00000000    
   27.0000000      -40.0000000       0.00000000       0.00000000    
   28.0000000      -40.0000000       0.00000000       0.00000000    
   29.0000000      -40.0000000       0.00000000       0.00000000    
   30.0000000      -40.0000000       0.00000000       0.00000000    
   31.0000000      -40.0000000       0.00000000       0.00000000    
   0.00000000      -30.0000000       0.00000000       0.00000000    
   1.00000000      -30.0000000       0.00000000       0.00000000    
   2.00000000      -30.0000000       0.00000000       0.00000000    
   3.00000000      -30.0000000       3.93942837E-03   1.28229996E-02
   4.00000000      -30.0000000       3.95294316E-02   8.12830031E-02
   5.00000000      -30.0000000       7.33867139E-02   8.89300033E-02
   6.00000000      -30.0000000       7.56844282E-02   8.96999985E-02
   7.00000000      -30.0000000       7.44384378E-02   8.36130008E-02
   8.00000000      -30.0000000       7.04312846E-02   8.11460018E-02
   9.00000000      -30.0000000       6.97964281E-02   7.50619993E-02
   10.0000000      -30.0000000       6.39850050E-02   7.45460019E-02
   11.0000000      -30.0000000       5.38919978E-02   7.08350018E-02
   12.0000000      -30.0000000       4.55257110E-02   6.76970035E-02
   13.0000000      -30.0000000       4.23920043E-02   6.70860037E-02
   14.0000000      -30.0000000       3.70344259E-02   5.73819987E-02
   15.0000000      -30.0000000       3.20308581E-02   4.75430004E-02
   16.0000000      -30.0000000       3.34899984E-02   4.79290001E-02
   17.0000000      -30.0000000       2.96964310E-02   5.48139997E-02
   18.0000000      -30.0000000       1.39052859E-02   3.12569998E-02
   19.0000000      -30.0000000       1.46428577E-03   9.00600012E-03
   20.0000000      -30.0000000       0.00000000       0.00000000    
   21.0000000      -30.0000000       0.00000000       0.00000000    
   22.0000000      -30.0000000       0.00000000       0.00000000    
   23.0000000      -30.0000000       0.00000000       0.00000000    
   24.0000000      -30.0000000       0.00000000       0.00000000    
   25.0000000      -30.0000000       0.00000000       0.00000000    
   26.0000000      -30.0000000       0.00000000       0.00000000    
   27.0000000      -30.0000000       0.00000000       0.00000000    
   28.0000000      -30.0000000       0.00000000       0.00000000    
   29.0000000      -30.0000000       0.00000000       0.00000000    
   30.0000000      -30.0000000       0.00000000       0.00000000    
   31.0000000      -30.0000000       0.00000000       0.00000000    
   0.00000000      -20.0000000       0.00000000       0.00000000    
   1.00000000      -20.0000000       1.26685703E-03   2.71199993E-03
   2.00000000      -20.0000000       3.14118564E-02   6.11359999E-02
   3.00000000      -20.0000000       7.06875697E-02  0.112672001    
   4.00000000      -20.0000000       9.80129912E-02  0.122313999    
   5.00000000      -20.0000000      0.111931726      0.129332006    
   6.00000000      -20.0000000      0.104738854      0.125184998    
   7.00000000      -20.0000000       9.76511389E-02  0.106748000    
   8.00000000      -20.0000000       8.63937140E-02  0.102334999    
   9.00000000      -20.0000000       7.71142840E-02   9.28950012E-02
   10.0000000      -20.0000000       7.16432855E-02   8.98130015E-02
   11.0000000      -20.0000000       6.46602884E-02   7.71239996E-02
   12.0000000      -20.0000000       5.41471429E-02   7.04080015E-02
   13.0000000      -20.0000000       4.20418568E-02   5.80619983E-02
   14.0000000      -20.0000000       3.73698547E-02   5.32750003E-02
   15.0000000      -20.0000000       2.44649984E-02   3.60830016E-02
   16.0000000      -20.0000000       9.24299937E-03   1.54900001E-02
   17.0000000      -20.0000000       5.62457088E-03   3.75109985E-02
   18.0000000      -20.0000000       1.59485720E-03   1.11640003E-02
   19.0000000      -20.0000000       0.00000000       0.00000000    
   20.0000000      -20.0000000       0.00000000       0.00000000    
   21.0000000      -20.0000000       0.00000000       0.00000000    
   22.0000000      -20.0000000       0.00000000       0.00000000    
   23.0000000      -20.0000000       0.00000000       0.00000000    
   24.0000000      -20.0000000       0.00000000       0.00000000    
   25.0000000      -20.0000000       0.00000000       0.00000000    
   26.0000000      -20.0000000       0.00000000       0.00000000    
   27.0000000      -20.0000000       0.00000000       0.00000000    
   28.0000000      -20.0000000       0.00000000       0.00000000    
   29.0000000      -20.0000000       0.00000000       0.00000000    
   30.0000000      -20.0000000       0.00000000       0.00000000    
   31.0000000      -20.0000000       0.00000000       0.00000000    
   0.00000000      -10.0000000       1.93778574E-02   4.24010009E-02
   1.00000000      -10.0000000       6.85661361E-02  0.107577004    
   2.00000000      -10.0000000      0.115287431      0.171774998    
   3.00000000      -10.0000000      0.139473990      0.204605997    
   4.00000000      -10.0000000      0.147459716      0.185727999    
   5.00000000      -10.0000000      0.140315145      0.162360996    
   6.00000000      -10.0000000      0.119692288      0.139363006    
   7.00000000      -10.0000000      0.101622865      0.113172002    
   8.00000000      -10.0000000       8.70034322E-02  0.102406003    
   9.00000000      -10.0000000       7.58957192E-02   9.68689993E-02
   10.0000000      -10.0000000       7.14051425E-02   9.34870020E-02
   11.0000000      -10.0000000       6.61830083E-02   7.53920004E-02
   12.0000000      -10.0000000       5.60965762E-02   7.08919987E-02
   13.0000000      -10.0000000       3.90850008E-02   4.53200005E-02
   14.0000000      -10.0000000       2.48368550E-02   3.66359986E-02
   15.0000000      -10.0000000       6.64671417E-03   1.76989995E-02
   16.0000000      -10.0000000       1.58985704E-03   6.39399979E-03
   17.0000000      -10.0000000       2.00371421E-03   1.40260002E-02
   18.0000000      -10.0000000       0.00000000       0.00000000    
   19.0000000      -10.0000000       0.00000000       0.00000000    
   20.0000000      -10.0000000       0.00000000       0.00000000    
   21.0000000      -10.0000000       0.00000000       0.00000000    
   22.0000000      -10.0000000       0.00000000       0.00000000    
   23.0000000      -10.0000000       0.00000000       0.00000000    
   24.0000000      -10.0000000       0.00000000       0.00000000    
   25.0000000      -10.0000000       0.00000000       0.00000000    
   26.0000000      -10.0000000       0.00000000       0.00000000    
   27.0000000      -10.0000000       0.00000000       0.00000000    
   28.0000000      -10.0000000       0.00000000       0.00000000    
   29.0000000      -10.0000000       0.00000000       0.00000000    
   30.0000000      -10.0000000       0.00000000       0.00000000    
   31.0000000      -10.0000000       0.00000000       0.00000000    
   0.00000000       0.00000000       2.04435717E-02   4.75400016E-02
   1.00000000       0.00000000       7.42451474E-02  0.126673996    
   2.00000000       0.00000000      0.134740710      0.204648003    
   3.00000000       0.00000000      0.160554141      0.244736001    
   4.00000000       0.00000000      0.160236448      0.215700999    
   5.00000000       0.00000000      0.145300150      0.166907996    
   6.00000000       0.00000000      0.122356579      0.142656997    
   7.00000000       0.00000000       9.55864340E-02  0.103151999    
   8.00000000       0.00000000       7.83287138E-02   9.14629996E-02
   9.00000000       0.00000000       6.71725720E-02   8.54979977E-02
   10.0000000       0.00000000       6.32245690E-02   7.84770027E-02
   11.0000000       0.00000000       5.57050034E-02   6.38910010E-02
   12.0000000       0.00000000       5.33475764E-02   6.79989979E-02
   13.0000000       0.00000000       4.35009971E-02   5.26649989E-02
   14.0000000       0.00000000       2.24217139E-02   3.23089994E-02
   15.0000000       0.00000000       5.70742832E-03   1.66069996E-02
   16.0000000       0.00000000       2.18685716E-03   9.62899998E-03
   17.0000000       0.00000000       1.33885711E-03   9.37199965E-03
   18.0000000       0.00000000       0.00000000       0.00000000    
   19.0000000       0.00000000       0.00000000       0.00000000    
   20.0000000       0.00000000       0.00000000       0.00000000    
   21.0000000       0.00000000       0.00000000       0.00000000    
   22.0000000       0.00000000       0.00000000       0.00000000    
   23.0000000       0.00000000       0.00000000       0.00000000    
   24.0000000       0.00000000       0.00000000       0.00000000    
   25.0000000       0.00000000       0.00000000       0.00000000    
   26.0000000       0.00000000       0.00000000       0.00000000    
   27.0000000       0.00000000       0.00000000       0.00000000    
   28.0000000       0.00000000       0.00000000       0.00000000    
   29.0000000       0.00000000       0.00000000       0.00000000    
   30.0000000       0.00000000       0.00000000       0.00000000    
   31.0000000       0.00000000       0.00000000       0.00000000    
   0.00000000       10.0000000       1.89057160E-02   4.16390002E-02
   1.00000000       10.0000000       6.11175671E-02  0.104865998    
   2.00000000       10.0000000      0.107171431      0.163606003    
   3.00000000       10.0000000      0.132264584      0.198413998    
   4.00000000       10.0000000      0.131632134      0.187800005    
   5.00000000       10.0000000      0.116952144      0.152248994    
   6.00000000       10.0000000       9.83362868E-02  0.110947996    
   7.00000000       10.0000000       7.63235763E-02   8.77579972E-02
   8.00000000       10.0000000       6.19305745E-02   7.26919994E-02
   9.00000000       10.0000000       5.47942854E-02   7.09069967E-02
   10.0000000       10.0000000       4.96888570E-02   6.24249987E-02
   11.0000000       10.0000000       4.34692875E-02   5.39759994E-02
   12.0000000       10.0000000       4.40915748E-02   5.46949990E-02
   13.0000000       10.0000000       4.04765718E-02   4.59749997E-02
   14.0000000       10.0000000       2.38510016E-02   4.95090000E-02
   15.0000000       10.0000000       9.53885727E-03   3.03600002E-02
   16.0000000       10.0000000       3.98671394E-03   1.83910001E-02
   17.0000000       10.0000000       1.99185708E-03   1.39429998E-02
   18.0000000       10.0000000       0.00000000       0.00000000    
   19.0000000       10.0000000       0.00000000       0.00000000    
   20.0000000       10.0000000       0.00000000       0.00000000    
   21.0000000       10.0000000       0.00000000       0.00000000    
   22.0000000       10.0000000       0.00000000       0.00000000    
   23.0000000       10.0000000       0.00000000       0.00000000    
   24.0000000       10.0000000       0.00000000       0.00000000    
   25.0000000       10.0000000       0.00000000       0.00000000    
   26.0000000       10.0000000       0.00000000       0.00000000    
   27.0000000       10.0000000       0.00000000       0.00000000    
   28.0000000       10.0000000       0.00000000       0.00000000    
   29.0000000       10.0000000       0.00000000       0.00000000    
   30.0000000       10.0000000       0.00000000       0.00000000    
   31.0000000       10.0000000       0.00000000       0.00000000    
   0.00000000       20.0000000       0.00000000       0.00000000    
   1.00000000       20.0000000       1.62642857E-03   3.10899992E-03
   2.00000000       20.0000000       3.83644290E-02   6.27859980E-02
   3.00000000       20.0000000       7.20895678E-02  0.103977002    
   4.00000000       20.0000000       7.89534301E-02  0.118070997    
   5.00000000       20.0000000       6.83069974E-02  0.107830003    
   6.00000000       20.0000000       5.93664311E-02   7.28610009E-02
   7.00000000       20.0000000       5.61337173E-02   7.02539980E-02
   8.00000000       20.0000000       5.16022854E-02   7.17559978E-02
   9.00000000       20.0000000       5.07624261E-02   8.42000023E-02
   10.0000000       20.0000000       4.57314253E-02   6.62269965E-02
   11.0000000       20.0000000       4.32252847E-02   5.91459982E-02
   12.0000000       20.0000000       4.18910012E-02   6.06289990E-02
   13.0000000       20.0000000       4.17492874E-02   5.06789982E-02
   14.0000000       20.0000000       3.97611447E-02   6.24109991E-02
   15.0000000       20.0000000       3.59392837E-02   5.28910011E-02
   16.0000000       20.0000000       1.51492851E-02   2.50109993E-02
   17.0000000       20.0000000       3.09142866E-03   1.87860001E-02
   18.0000000       20.0000000       1.12842862E-03   7.89900031E-03
   19.0000000       20.0000000       0.00000000       0.00000000    
   20.0000000       20.0000000       0.00000000       0.00000000    
   21.0000000       20.0000000       0.00000000       0.00000000    
   22.0000000       20.0000000       0.00000000       0.00000000    
   23.0000000       20.0000000       0.00000000       0.00000000    
   24.0000000       20.0000000       0.00000000       0.00000000    
   25.0000000       20.0000000       0.00000000       0.00000000    
   26.0000000       20.0000000       0.00000000       0.00000000    
   27.0000000       20.0000000       0.00000000       0.00000000    
   28.0000000       20.0000000       0.00000000       0.00000000    
   29.0000000       20.0000000       0.00000000       0.00000000    
   30.0000000       20.0000000       0.00000000       0.00000000    
   31.0000000       20.0000000       0.00000000       0.00000000    
   0.00000000       30.0000000       0.00000000       0.00000000    
   1.00000000       30.0000000       0.00000000       0.00000000    
   2.00000000       30.0000000       0.00000000       0.00000000    
   3.00000000       30.0000000       1.84099993E-03   5.13699977E-03
   4.00000000       30.0000000       2.09007133E-02   3.55489999E-02
   5.00000000       30.0000000       4.02104296E-02   5.21770008E-02
   6.00000000       30.0000000       4.23671417E-02   7.03329965E-02
   7.00000000       30.0000000       4.93161418E-02   8.56710002E-02
   8.00000000       30.0000000       5.25891446E-02   7.62019977E-02
   9.00000000       30.0000000       5.74204326E-02   8.97630006E-02
   10.0000000       30.0000000       5.35589978E-02   8.19780007E-02
   11.0000000       30.0000000       4.86417115E-02   6.81499988E-02
   12.0000000       30.0000000       4.79060002E-02   6.63110018E-02
   13.0000000       30.0000000       5.02855740E-02   6.20069988E-02
   14.0000000       30.0000000       5.07619977E-02   6.26500025E-02
   15.0000000       30.0000000       4.94528636E-02   6.23460002E-02
   16.0000000       30.0000000       4.86798584E-02   6.22210018E-02
   17.0000000       30.0000000       3.96478549E-02   6.87529966E-02
   18.0000000       30.0000000       1.69257130E-02   4.48179990E-02
   19.0000000       30.0000000       1.03828567E-03   5.74800000E-03
   20.0000000       30.0000000       0.00000000       0.00000000    
   21.0000000       30.0000000       0.00000000       0.00000000    
   22.0000000       30.0000000       0.00000000       0.00000000    
   23.0000000       30.0000000       0.00000000       0.00000000    
   24.0000000       30.0000000       0.00000000       0.00000000    
   25.0000000       30.0000000       0.00000000       0.00000000    
   26.0000000       30.0000000       0.00000000       0.00000000    
   27.0000000       30.0000000       0.00000000       0.00000000    
   28.0000000       30.0000000       0.00000000       0.00000000    
   29.0000000       30.0000000       0.00000000       0.00000000    
   30.0000000       30.0000000       0.00000000       0.00000000    
   31.0000000       30.0000000       0.00000000       0.00000000    
   0.00000000       40.0000000       0.00000000       0.00000000    
   1.00000000       40.0000000       0.00000000       0.00000000    
   2.00000000       40.0000000       0.00000000       0.00000000    
   3.00000000       40.0000000       0.00000000       0.00000000    
   4.00000000       40.0000000       0.00000000       0.00000000    
   5.00000000       40.0000000       0.00000000       0.00000000    
   6.00000000       40.0000000       2.33464278E-02   4.31820005E-02
   7.00000000       40.0000000       5.07864319E-02   7.87890032E-02
   8.00000000       40.0000000       5.60367145E-02   7.93159977E-02
   9.00000000       40.0000000       5.79691455E-02   7.83419982E-02
   10.0000000       40.0000000       5.62348589E-02   8.35739970E-02
   11.0000000       40.0000000       4.98559996E-02   6.47479966E-02
   12.0000000       40.0000000       5.19398563E-02   6.44799992E-02
   13.0000000       40.0000000       5.81764318E-02   7.76730031E-02
   14.0000000       40.0000000       6.60797134E-02   7.72619992E-02
   15.0000000       40.0000000       7.24970028E-02   9.65830013E-02
   16.0000000       40.0000000       7.39229992E-02   9.53119993E-02
   17.0000000       40.0000000       6.25252873E-02   8.52079988E-02
   18.0000000       40.0000000       4.80462871E-02   7.40899965E-02
   19.0000000       40.0000000       3.30214277E-02   4.41090018E-02
   20.0000000       40.0000000       1.67631432E-02   2.31250003E-02
   21.0000000       40.0000000       5.74714330E-04   4.02300013E-03
   22.0000000       40.0000000       0.00000000       0.00000000    
   23.0000000       40.0000000       0.00000000       0.00000000    
   24.0000000       40.0000000       0.00000000       0.00000000    
   25.0000000       40.0000000       0.00000000       0.00000000    
   26.0000000       40.0000000       0.00000000       0.00000000    
   27.0000000       40.0000000       0.00000000       0.00000000    
   28.0000000       40.0000000       0.00000000       0.00000000    
   29.0000000       40.0000000       0.00000000       0.00000000    
   30.0000000       40.0000000       0.00000000       0.00000000    
   31.0000000       40.0000000       0.00000000       0.00000000    
   0.00000000       50.0000000       0.00000000       0.00000000    
   1.00000000       50.0000000       0.00000000       0.00000000    
   2.00000000       50.0000000       0.00000000       0.00000000    
   3.00000000       50.0000000       0.00000000       0.00000000    
   4.00000000       50.0000000       0.00000000       0.00000000    
   5.00000000       50.0000000       0.00000000       0.00000000    
   6.00000000       50.0000000       0.00000000       0.00000000    
   7.00000000       50.0000000       1.21985713E-03   2.72100000E-03
   8.00000000       50.0000000       2.72465684E-02   4.67419997E-02
   9.00000000       50.0000000       4.27314304E-02   5.28439991E-02
   10.0000000       50.0000000       4.36348617E-02   5.35839982E-02
   11.0000000       50.0000000       4.38531414E-02   5.29679991E-02
   12.0000000       50.0000000       4.87137102E-02   6.48240000E-02
   13.0000000       50.0000000       6.40868619E-02   8.70779976E-02
   14.0000000       50.0000000       8.37918520E-02  0.100933999    
   15.0000000       50.0000000       9.76232812E-02  0.130030006    
   16.0000000       50.0000000       9.97697115E-02  0.143860996    
   17.0000000       50.0000000       8.91352817E-02  0.128558993    
   18.0000000       50.0000000       7.96655640E-02  0.117123000    
   19.0000000       50.0000000       7.12672845E-02  0.109672002    
   20.0000000       50.0000000       6.38485700E-02   8.36699978E-02
   21.0000000       50.0000000       5.01621440E-02   5.87350018E-02
   22.0000000       50.0000000       1.92475710E-02   3.12880017E-02
   23.0000000       50.0000000       3.19571438E-04   2.23700004E-03
   24.0000000       50.0000000       0.00000000       0.00000000    
   25.0000000       50.0000000       0.00000000       0.00000000    
   26.0000000       50.0000000       0.00000000       0.00000000    
   27.0000000       50.0000000       0.00000000       0.00000000    
   28.0000000       50.0000000       0.00000000       0.00000000    
   29.0000000       50.0000000       0.00000000       0.00000000    
   30.0000000       50.0000000       0.00000000       0.00000000    
   31.0000000       50.0000000       0.00000000       0.00000000    
   0.00000000       60.0000000       0.00000000       0.00000000    
   1.00000000       60.0000000       0.00000000       0.00000000    
   2.00000000       60.0000000       0.00000000       0.00000000    
   3.00000000       60.0000000       0.00000000       0.00000000    
   4.00000000       60.0000000       0.00000000       0.00000000    
   5.00000000       60.0000000       0.00000000       0.00000000    
   6.00000000       60.0000000       0.00000000       0.00000000    
   7.00000000       60.0000000       0.00000000       0.00000000    
   8.00000000       60.0000000       0.00000000       0.00000000    
   9.00000000       60.0000000       3.18500004E-03   6.58900011E-03
   10.0000000       60.0000000       2.30004303E-02   3.48769985E-02
   11.0000000       60.0000000       3.48315723E-02   4.76149991E-02
   12.0000000       60.0000000       4.02731411E-02   6.55959994E-02
   13.0000000       60.0000000       6.62172884E-02   9.36700031E-02
   14.0000000       60.0000000       9.30947140E-02  0.121349998    
   15.0000000       60.0000000      0.109668143      0.149537995    
   16.0000000       60.0000000      0.111497149      0.165272996    
   17.0000000       60.0000000      0.105097994      0.156549007    
   18.0000000       60.0000000       9.98585746E-02  0.151098996    
   19.0000000       60.0000000       9.45652872E-02  0.146403998    
   20.0000000       60.0000000       8.88072774E-02  0.127067000    
   21.0000000       60.0000000       7.30761439E-02  0.103863001    
   22.0000000       60.0000000       5.62011413E-02   6.89859986E-02
   23.0000000       60.0000000       3.76881436E-02   4.87440005E-02
   24.0000000       60.0000000       1.07524302E-02   2.95729991E-02
   25.0000000       60.0000000       1.14999995E-04   5.20000001E-04
   26.0000000       60.0000000       0.00000000       0.00000000    
   27.0000000       60.0000000       0.00000000       0.00000000    
   28.0000000       60.0000000       0.00000000       0.00000000    
   29.0000000       60.0000000       0.00000000       0.00000000    
   30.0000000       60.0000000       0.00000000       0.00000000    
   31.0000000       60.0000000       0.00000000       0.00000000    
   0.00000000       70.0000000       0.00000000       0.00000000    
   1.00000000       70.0000000       0.00000000       0.00000000    
   2.00000000       70.0000000       0.00000000       0.00000000    
   3.00000000       70.0000000       0.00000000       0.00000000    
   4.00000000       70.0000000       0.00000000       0.00000000    
   5.00000000       70.0000000       0.00000000       0.00000000    
   6.00000000       70.0000000       0.00000000       0.00000000    
   7.00000000       70.0000000       0.00000000       0.00000000    
   8.00000000       70.0000000       0.00000000       0.00000000    
   9.00000000       70.0000000       0.00000000       0.00000000    
   10.0000000       70.0000000       0.00000000       0.00000000    
   11.0000000       70.0000000       0.00000000       0.00000000    
   12.0000000       70.0000000       2.60908566E-02   6.21690005E-02
   13.0000000       70.0000000       5.98712862E-02  0.101985000    
   14.0000000       70.0000000       8.28905702E-02  0.118784003    
   15.0000000       70.0000000       9.49672908E-02  0.139992997    
   16.0000000       70.0000000      0.103054710      0.151336998    
   17.0000000       70.0000000      0.102589570      0.156975001    
   18.0000000       70.0000000      0.104009435      0.165171996    
   19.0000000       70.0000000      0.104332708      0.160185993    
   20.0000000       70.0000000       9.92281437E-02  0.146093994    
   21.0000000       70.0000000       9.00428519E-02  0.124123998    
   22.0000000       70.0000000       7.81779960E-02   9.31549966E-02
   23.0000000       70.0000000       6.78887144E-02   7.84889981E-02
   24.0000000       70.0000000       5.65497093E-02   7.10719973E-02
   25.0000000       70.0000000       3.75350006E-02   4.51250002E-02
   26.0000000       70.0000000       1.49605712E-02   2.51850002E-02
   27.0000000       70.0000000       0.00000000       0.00000000    
   28.0000000       70.0000000       0.00000000       0.00000000    
   29.0000000       70.0000000       0.00000000       0.00000000    
   30.0000000       70.0000000       0.00000000       0.00000000    
   31.0000000       70.0000000       0.00000000       0.00000000    
   0.00000000       80.0000000       0.00000000       0.00000000    
   1.00000000       80.0000000       0.00000000       0.00000000    
   2.00000000       80.0000000       0.00000000       0.00000000    
   3.00000000       80.0000000       0.00000000       0.00000000    
   4.00000000       80.0000000       0.00000000       0.00000000    
   5.00000000       80.0000000       0.00000000       0.00000000    
   6.00000000       80.0000000       0.00000000       0.00000000    
   7.00000000       80.0000000       0.00000000       0.00000000    
   8.00000000       80.0000000       0.00000000       0.00000000    
   9.00000000       80.0000000       0.00000000       0.00000000    
   10.0000000       80.0000000       0.00000000       0.00000000    
   11.0000000       80.0000000       0.00000000       0.00000000    
   12.0000000       80.0000000       0.00000000       0.00000000    
   13.0000000       80.0000000       1.82899996E-03   2.78800004E-03
   14.0000000       80.0000000       4.10344265E-02   5.62510006E-02
   15.0000000       80.0000000       6.28231391E-02   8.26060027E-02
   16.0000000       80.0000000       6.84534237E-02  0.105723001    
   17.0000000       80.0000000       8.15827176E-02  0.131788000    
   18.0000000       80.0000000       9.18134302E-02  0.152850002    
   19.0000000       80.0000000       9.87565666E-02  0.155780002    
   20.0000000       80.0000000       9.64358523E-02  0.137620002    
   21.0000000       80.0000000       9.27314237E-02  0.119162999    
   22.0000000       80.0000000       8.41410011E-02   9.44039971E-02
   23.0000000       80.0000000       7.28640035E-02   8.07060003E-02
   24.0000000       80.0000000       5.83068617E-02   6.50240034E-02
   25.0000000       80.0000000       4.23005745E-02   5.40480018E-02
   26.0000000       80.0000000       3.50234285E-02   4.88049984E-02
   27.0000000       80.0000000       2.63658576E-02   3.31499986E-02
   28.0000000       80.0000000       1.01805711E-02   2.74119992E-02
   29.0000000       80.0000000       4.47285740E-04   3.13100009E-03
   30.0000000       80.0000000       0.00000000       0.00000000    
   31.0000000       80.0000000       0.00000000       0.00000000    
   0.00000000       90.0000000       0.00000000       0.00000000    
   1.00000000       90.0000000       0.00000000       0.00000000    
   2.00000000       90.0000000       0.00000000       0.00000000    
   3.00000000       90.0000000       0.00000000       0.00000000    
   4.00000000       90.0000000       0.00000000       0.00000000    
   5.00000000       90.0000000       0.00000000       0.00000000    
   6.00000000       90.0000000       0.00000000       0.00000000    
   7.00000000       90.0000000       0.00000000       0.00000000    
   8.00000000       90.0000000       0.00000000       0.00000000    
   9.00000000       90.0000000       0.00000000       0.00000000    
   10.0000000       90.0000000       0.00000000       0.00000000    
   11.0000000       90.0000000       0.00000000       0.00000000    
   12.0000000       90.0000000       0.00000000       0.00000000    
   13.0000000       90.0000000       0.00000000       0.00000000    
   14.0000000       90.0000000       0.00000000       0.00000000    
   15.0000000       90.0000000       3.68114305E-03   8.32900032E-03
   16.0000000       90.0000000       3.11028603E-02   4.77930009E-02
   17.0000000       90.0000000       4.67230007E-02   8.11629966E-02
   18.0000000       90.0000000       6.16825745E-02  0.104953997    
   19.0000000       90.0000000       7.44662806E-02  0.117287003    
   20.0000000       90.0000000       8.23675767E-02  0.111968003    
   21.0000000       90.0000000       8.27768520E-02   9.99680012E-02
   22.0000000       90.0000000       7.46804327E-02   8.51840004E-02
   23.0000000       90.0000000       5.92320003E-02   6.43830001E-02
   24.0000000       90.0000000       4.86612879E-02   5.90599999E-02
   25.0000000       90.0000000       4.17548530E-02   5.60019985E-02
   26.0000000       90.0000000       4.44955714E-02   4.98070009E-02
   27.0000000       90.0000000       4.19332869E-02   6.00700006E-02
   28.0000000       90.0000000       3.91458571E-02   6.65159971E-02
   29.0000000       90.0000000       3.08401417E-02   5.52860014E-02
   30.0000000       90.0000000       5.49500016E-03   1.24120004E-02
   31.0000000       90.0000000       0.00000000       0.00000000    
   0.00000000       100.000000       0.00000000       0.00000000    
   1.00000000       100.000000       0.00000000       0.00000000    
   2.00000000       100.000000       0.00000000       0.00000000    
   3.00000000       100.000000       0.00000000       0.00000000    
   4.00000000       100.000000       0.00000000       0.00000000    
   5.00000000       100.000000       0.00000000       0.00000000    
   6.00000000       100.000000       0.00000000       0.00000000    
   7.00000000       100.000000       0.00000000       0.00000000    
   8.00000000       100.000000       0.00000000       0.00000000    
   9.00000000       100.000000       0.00000000       0.00000000    
   10.0000000       100.000000       0.00000000       0.00000000    
   11.0000000       100.000000       0.00000000       0.00000000    
   12.0000000       100.000000       0.00000000       0.00000000    
   13.0000000       100.000000       0.00000000       0.00000000    
   14.0000000       100.000000       0.00000000       0.00000000    
   15.0000000       100.000000       0.00000000       0.00000000    
   16.0000000       100.000000       0.00000000       0.00000000    
   17.0000000       100.000000       0.00000000       0.00000000    
   18.0000000       100.000000       2.19188575E-02   3.26029994E-02
   19.0000000       100.000000       4.21094261E-02   6.42549992E-02
   20.0000000       100.000000       5.45642860E-02   7.21290037E-02
   21.0000000       100.000000       5.53527139E-02   6.53970018E-02
   22.0000000       100.000000       4.81199995E-02   5.81780002E-02
   23.0000000       100.000000       3.53447162E-02   4.13439982E-02
   24.0000000       100.000000       3.31098624E-02   4.07980010E-02
   25.0000000       100.000000       3.45374271E-02   4.30289991E-02
   26.0000000       100.000000       3.72451432E-02   4.48959991E-02
   27.0000000       100.000000       3.80527154E-02   5.83180003E-02
   28.0000000       100.000000       3.72149982E-02   6.22190014E-02
   29.0000000       100.000000       2.61451434E-02   4.56600003E-02
   30.0000000       100.000000       4.48900042E-03   8.12599994E-03
   31.0000000       100.000000       0.00000000       0.00000000    
