      xloc      yloc          depth         ave SR         max SR         #     start       end     max SR all       strike 1       strike 2          dip 1          dip 2         rake 1         rake 2
    -60.00    -20.00      29.975880       0.025266       0.025266        12      11.0      12.0       0.244736      79.029999     316.000000      24.240000      76.209999    -144.509995     -69.870003
    -60.00    -15.00      25.481911       0.027161       0.027161        12      11.0      12.0       0.244736     217.500000     356.700012       5.600000      85.750000     -49.340000     -93.660004
    -60.00    -10.00      20.987940       0.026127       0.026127        12      11.0      12.0       0.244736     173.000000      32.439999       5.410000      85.820000    -129.320007     -86.570000
    -60.00     -5.00      16.493971       0.027628       0.027628        12      11.0      12.0       0.244736     206.000000      33.779999       3.880000      86.160004     -97.760002     -89.480003
    -60.00      0.00      12.000000       0.034393       0.034393        12      11.0      12.0       0.244736      79.980003     321.429993      38.840000      68.949997    -145.059998     -56.580002
    -60.00      5.00       7.506030       0.048358       0.048358        12      11.0      12.0       0.244736      71.599998     306.279999      41.959999      62.529999    -136.380005     -56.939999
    -60.00     10.00       3.012060       0.060260       0.060260        12      11.0      12.0       0.244736      66.150002     302.640015      44.529999      61.490002    -137.119995     -54.209999
    -50.00    -20.00      29.975880       0.008693       0.008693        12      11.0      12.0       0.244736     308.910004     197.830002      69.760002      45.709999    -131.910004     -28.900000
    -50.00    -15.00      25.481911       0.014893       0.014893        12      11.0      12.0       0.244736     121.900002      27.010000      22.629999      87.970001    -174.710007     -67.459999
    -50.00    -10.00      20.987940       0.020990       0.020990        12      11.0      12.0       0.244736     133.309998      42.439999      37.099998      89.339996    -178.910004     -52.900002
    -50.00     -5.00      16.493971       0.032946       0.032946        12      11.0      12.0       0.244736     141.570007      29.030001      21.299999      81.500000    -155.990005     -70.389999
    -50.00      0.00      12.000000       0.043070       0.043070        12      11.0      12.0       0.244736     197.330002      19.250000      15.060000      74.949997     -91.849998     -89.500000
    -50.00      5.00       7.506030       0.056619       0.056619        12      11.0      12.0       0.244736      26.190001     233.369995      72.300003      19.730000     -98.870003     -64.199997
    -50.00     10.00       3.012060       0.068204       0.068204        12      11.0      12.0       0.244736      33.070000     248.360001      72.019997      21.680000    -102.320000     -56.680000
    -40.00    -20.00      29.975880       0.016882       0.016882        12      11.0      12.0       0.244736     308.790009      43.230000      84.660004      50.360001     140.149994       6.940000
    -40.00    -15.00      25.481911       0.023972       0.023972        12      11.0      12.0       0.244736     134.250000      42.529999      86.529999      63.689999    -153.639999      -3.870000
    -40.00    -10.00      20.987940       0.036724       0.036724        12      11.0      12.0       0.244736     135.580002     233.220001      57.869999      78.050003     165.850006      32.930000
    -40.00     -5.00      16.493971       0.043837       0.043837        12      11.0      12.0       0.244736     138.789993     229.940002      49.150002      88.669998     178.240005      40.860001
    -40.00      0.00      12.000000       0.047930       0.047930        12      11.0      12.0       0.244736     155.289993      40.470001      31.280001      75.690002    -151.580002     -61.880001
    -40.00      5.00       7.506030       0.061747       0.061747        12      11.0      12.0       0.244736     175.289993      35.320000      21.850000      72.930000    -127.940002     -76.150002
    -40.00     10.00       3.012060       0.069475       0.069475        12      11.0      12.0       0.244736     190.259995      38.040001      19.930000      72.209999    -116.349998     -80.860001
    -30.00    -20.00      29.975880       0.019629       0.019629        12      11.0      12.0       0.244736      65.769997     295.799988      37.630001      63.650002      46.619999     117.900002
    -30.00    -15.00      25.481911       0.037813       0.037813        12      11.0      12.0       0.244736     138.570007      46.500000      82.139999      75.370003    -165.229996      -8.130000
    -30.00    -10.00      20.987940       0.054635       0.054635        12      11.0      12.0       0.244736     138.649994     237.729996      57.430000      76.120003     163.460007      33.680000
    -30.00     -5.00      16.493971       0.060253       0.060253        12      11.0      12.0       0.244736     143.779999     238.240005      58.020000      82.919998     171.639999      32.259998
    -30.00      0.00      12.000000       0.064149       0.064149        12      11.0      12.0       0.244736     148.100006     238.149994      53.709999      89.930000     179.919998      36.290001
    -30.00      5.00       7.506030       0.069930       0.069930        12      11.0      12.0       0.244736     152.809998      57.959999      48.000000      84.639999    -172.779999     -42.230000
    -30.00     10.00       3.012060       0.070835       0.070835        12      11.0      12.0       0.244736     154.830002      57.290001      43.650002      82.870003    -169.630005     -46.820000
    -20.00    -20.00      29.975880       0.029108       0.029108        12      11.0      12.0       0.244736     132.110001     250.610001      47.490002      62.500000     141.220001      49.619999
    -20.00    -15.00      25.481911       0.055251       0.055251        12      11.0      12.0       0.244736     134.529999     245.660004      47.310001      68.660004     150.320007      46.720001
    -20.00    -10.00      20.987940       0.067117       0.067117        12      11.0      12.0       0.244736     140.330002     243.089996      52.509998      73.940002     159.589996      39.299999
    -20.00     -5.00      16.493971       0.072948       0.072948        12      11.0      12.0       0.244736     146.289993     242.820007      56.759998      80.169998     168.220001      33.799999
    -20.00      0.00      12.000000       0.074559       0.074559        12      11.0      12.0       0.244736     150.580002     242.809998      59.570000      86.199997     175.600006      30.500000
    -20.00      5.00       7.506030       0.077124       0.077124        12      11.0      12.0       0.244736     153.380005      63.369999      58.110001      89.970001    -179.970001     -31.889999
    -20.00     10.00       3.012060       0.076515       0.076515        12      11.0      12.0       0.244736     155.559998      63.910000      56.759998      87.480003    -176.990005     -33.279999
    -10.00    -20.00      29.975880       0.034444       0.034444        12      11.0      12.0       0.244736     133.770004     254.210007      51.430000      57.570000     136.699997      47.610001
    -10.00    -15.00      25.481911       0.061326       0.061326        12      11.0      12.0       0.244736     137.960007     247.910004      49.740002      68.059998     150.690002      44.160000
    -10.00    -10.00      20.987940       0.072421       0.072421        12      11.0      12.0       0.244736     141.710007     246.380005      51.970001      72.059998     156.979996      40.360001
    -10.00     -5.00      16.493971       0.072783       0.072783        12      11.0      12.0       0.244736     148.729996     245.710007      56.389999      79.639999     167.529999      34.240002
    -10.00      0.00      12.000000       0.072762       0.072762        12      11.0      12.0       0.244736     153.699997     245.610001      64.940002      85.919998     175.500000      25.129999
    -10.00      5.00       7.506030       0.075392       0.075392        12      11.0      12.0       0.244736     156.800003     247.389999      62.029999      88.889999     178.740005      27.980000
    -10.00     10.00       3.012060       0.074153       0.074153        12      11.0      12.0       0.244736     160.429993      68.500000      61.369999      86.470001    -175.979996     -28.680000
      0.00    -20.00      29.975880       0.028541       0.028541        12      11.0      12.0       0.244736     144.100006     256.570007      59.580002      56.930000     140.750000      37.169998
      0.00    -15.00      25.481911       0.049415       0.049415        12      11.0      12.0       0.244736     146.009995     251.820007      61.270000      63.570000     149.490005      32.470001
      0.00    -10.00      20.987940       0.063763       0.063763        12      11.0      12.0       0.244736     144.800003     249.380005      59.000000      67.269997     153.210007      33.950001
      0.00     -5.00      16.493971       0.061094       0.061094        12      11.0      12.0       0.244736     149.860001     247.990005      60.340000      76.050003     163.889999      30.660000
      0.00      0.00      12.000000       0.060115       0.060115        12      11.0      12.0       0.244736     157.669998     247.940002      71.910004      89.169998     179.130005      18.090000
      0.00      5.00       7.506030       0.063891       0.063891        12      11.0      12.0       0.244736     162.710007      71.250000      69.059998      86.199997    -175.929993     -20.990000
      0.00     10.00       3.012060       0.063116       0.063116        12      11.0      12.0       0.244736     164.410004      73.239998      69.040001      86.949997    -176.729996     -20.990000
     10.00    -20.00      29.975880       0.022343       0.022343        12      11.0      12.0       0.244736     351.950012     259.119995      86.849998      48.049999    -137.970001      -4.240000
     10.00    -15.00      25.481911       0.035857       0.035857        12      11.0      12.0       0.244736     160.029999     252.360001      86.290001      57.939999     147.860001       4.380000
     10.00    -10.00      20.987940       0.048127       0.048127        12      11.0      12.0       0.244736     149.820007     249.250000      72.430000      62.660000     151.199997      19.870001
     10.00     -5.00      16.493971       0.044068       0.044068        12      11.0      12.0       0.244736     155.050003     249.309998      67.589996      79.790001     168.949997      22.790001
     10.00      0.00      12.000000       0.048243       0.048243        12      11.0      12.0       0.244736     168.089996      68.889999      60.090000      74.459999    -162.000000     -31.170000
     10.00      5.00       7.506030       0.053976       0.053976        12      11.0      12.0       0.244736     170.550003      72.160004      67.570000      70.540001    -158.869995     -23.870001
     10.00     10.00       3.012060       0.051671       0.051671        12      11.0      12.0       0.244736     173.199997      73.589996      65.870003      69.559998    -157.500000     -25.870001
     20.00    -20.00      29.975880       0.022227       0.022227        12      11.0      12.0       0.244736      35.680000     241.889999      57.570000      35.299999    -104.779999     -68.120003
     20.00    -15.00      25.481911       0.031883       0.031883        12      11.0      12.0       0.244736     351.269989     243.080002      70.699997      48.290001    -135.169998     -26.280001
     20.00    -10.00      20.987940       0.033753       0.033753        12      11.0      12.0       0.244736     337.220001     241.520004      76.360001      67.750000    -157.059998     -14.760000
     20.00     -5.00      16.493971       0.039241       0.039241        12      11.0      12.0       0.244736     200.800003      38.820000      36.580002      54.790001    -104.639999     -79.379997
     20.00      0.00      12.000000       0.057660       0.057660        12      11.0      12.0       0.244736     202.550003      52.599998      36.709999      57.160000    -114.879997     -72.580002
     20.00      5.00       7.506030       0.059146       0.059146        12      11.0      12.0       0.244736     195.139999      56.299999      47.230000      50.860001    -120.699997     -61.099998
     20.00     10.00       3.012060       0.058667       0.058667        12      11.0      12.0       0.244736     203.789993      52.540001      50.090000      43.660000    -109.389999     -68.349998
     30.00    -20.00      29.975880       0.020976       0.020976        12      11.0      12.0       0.244736     222.020004      33.259998      33.029999      57.279999     -82.650002     -94.760002
     30.00    -15.00      25.481911       0.029608       0.029608        12      11.0      12.0       0.244736     225.339996     352.670013      54.730000      49.389999     -52.869999    -130.479996
     30.00    -10.00      20.987940       0.034744       0.034744        12      11.0      12.0       0.244736     221.039993       3.810000      55.580002      40.709999     -66.760002    -119.940002
     30.00     -5.00      16.493971       0.051726       0.051726        12      11.0      12.0       0.244736     205.850006      44.250000      42.830002      48.669998    -103.709999     -77.610001
     30.00      0.00      12.000000       0.068150       0.068150        12      11.0      12.0       0.244736     212.580002      49.860001      35.369999      55.869999    -104.230003     -80.099998
     30.00      5.00       7.506030       0.068046       0.068046        12      11.0      12.0       0.244736     205.949997      51.740002      42.070000      50.900002    -109.739998     -73.050003
     30.00     10.00       3.012060       0.067242       0.067242        12      11.0      12.0       0.244736     204.059998      45.560001      52.099998      39.919998    -103.610001     -73.190002
     40.00    -20.00      29.975880       0.020280       0.020280        12      11.0      12.0       0.244736     197.089996     336.589996      27.240000      68.629997     -52.790001    -107.290001
     40.00    -15.00      25.481911       0.037391       0.037391        12      11.0      12.0       0.244736     237.029999      19.330000      65.730003      29.680000     -72.370003    -123.879997
     40.00    -10.00      20.987940       0.043873       0.043873        12      11.0      12.0       0.244736     216.820007      26.709999      53.919998      36.500000     -84.010002     -98.150002
     40.00     -5.00      16.493971       0.054885       0.054885        12      11.0      12.0       0.244736     205.529999      39.509998      44.930000      45.930000     -99.989998     -80.180000
     40.00      0.00      12.000000       0.064748       0.064748        12      11.0      12.0       0.244736     199.309998      45.180000      40.389999      52.560001    -110.269997     -73.580002
     40.00      5.00       7.506030       0.063290       0.063290        12      11.0      12.0       0.244736     189.250000      36.470001      43.209999      50.130001    -110.559998     -71.739998
     40.00     10.00       3.012060       0.064525       0.064525        12      11.0      12.0       0.244736     188.800003      28.110001      50.080002      41.560001    -102.669998     -75.309998
     50.00    -20.00      29.975880       0.019151       0.019151        12      11.0      12.0       0.244736     171.389999     301.130005      12.480000      81.949997     -40.419998     -99.559998
     50.00    -15.00      25.481911       0.043692       0.043692        12      11.0      12.0       0.244736      50.430000     258.630005      28.100000      64.800003    -115.309998     -77.139999
     50.00    -10.00      20.987940       0.043267       0.043267        12      11.0      12.0       0.244736     231.399994      36.150002      50.959999      40.049999     -80.250000    -101.790001
     50.00     -5.00      16.493971       0.048366       0.048366        12      11.0      12.0       0.244736     207.639999      35.209999      46.070000      44.180000     -95.269997     -84.559998
     50.00      0.00      12.000000       0.052270       0.052270        12      11.0      12.0       0.244736     166.149994      23.150000      54.439999      41.830002    -113.660004     -60.689999
     50.00      5.00       7.506030       0.052968       0.052968        12      11.0      12.0       0.244736     154.029999      27.260000      57.389999      46.910000    -125.800003     -47.560001
     50.00     10.00       3.012060       0.047258       0.047258        12      11.0      12.0       0.244736     161.429993      20.799999      48.770000      48.590000    -118.410004     -61.500000
     60.00    -20.00      29.975880       0.015338       0.015338        12      11.0      12.0       0.244736     100.070000     217.110001      39.889999      69.199997     -33.630001    -124.830002
     60.00    -15.00      25.481911       0.038906       0.038906        12      11.0      12.0       0.244736      54.610001     268.929993      38.770000      56.439999    -118.019997     -69.330002
     60.00    -10.00      20.987940       0.039018       0.039018        12      11.0      12.0       0.244736      61.250000     262.970001      43.310001      48.779999    -106.160004     -75.300003
     60.00     -5.00      16.493971       0.028999       0.028999        12      11.0      12.0       0.244736      56.520000     219.809998      44.520000      46.709999     -77.919998    -101.629997
     60.00      0.00      12.000000       0.034836       0.034836        12      11.0      12.0       0.244736     142.839996      25.480000      69.919998      38.500000    -123.570000     -33.470001
     60.00      5.00       7.506030       0.047615       0.047615        12      11.0      12.0       0.244736     132.089996      36.580002      83.070000      51.660000    -141.330002      -8.850000
     60.00     10.00       3.012060       0.039109       0.039109        12      11.0      12.0       0.244736     132.130005      40.910000      85.419998      75.080002    -165.029999      -4.740000
     70.00    -20.00      29.975880       0.000000       0.000000        12      11.0      12.0       0.244736     180.000000     360.000000      45.000000      45.000000      90.000000      90.000000
     70.00    -15.00      25.481911       0.000000       0.000000        12      11.0      12.0       0.244736     180.000000     360.000000      45.000000      45.000000      90.000000      90.000000
     70.00    -10.00      20.987940       0.000000       0.000000        12      11.0      12.0       0.244736     180.000000     360.000000      45.000000      45.000000      90.000000      90.000000
     70.00     -5.00      16.493971       0.000000       0.000000        12      11.0      12.0       0.244736     180.000000     360.000000      45.000000      45.000000      90.000000      90.000000
     70.00      0.00      12.000000       0.000000       0.000000        12      11.0      12.0       0.244736     180.000000     360.000000      45.000000      45.000000      90.000000      90.000000
     70.00      5.00       7.506030       0.000000       0.000000        12      11.0      12.0       0.244736     180.000000     360.000000      45.000000      45.000000      90.000000      90.000000
     70.00     10.00       3.012060       0.000000       0.000000        12      11.0      12.0       0.244736     180.000000     360.000000      45.000000      45.000000      90.000000      90.000000
     80.00    -20.00      29.975880       0.000000       0.000000        12      11.0      12.0       0.244736     180.000000     360.000000      45.000000      45.000000      90.000000      90.000000
     80.00    -15.00      25.481911       0.000000       0.000000        12      11.0      12.0       0.244736     180.000000     360.000000      45.000000      45.000000      90.000000      90.000000
     80.00    -10.00      20.987940       0.000000       0.000000        12      11.0      12.0       0.244736     180.000000     360.000000      45.000000      45.000000      90.000000      90.000000
     80.00     -5.00      16.493971       0.000000       0.000000        12      11.0      12.0       0.244736     180.000000     360.000000      45.000000      45.000000      90.000000      90.000000
     80.00      0.00      12.000000       0.000000       0.000000        12      11.0      12.0       0.244736     180.000000     360.000000      45.000000      45.000000      90.000000      90.000000
     80.00      5.00       7.506030       0.000000       0.000000        12      11.0      12.0       0.244736     180.000000     360.000000      45.000000      45.000000      90.000000      90.000000
     80.00     10.00       3.012060       0.000000       0.000000        12      11.0      12.0       0.244736     180.000000     360.000000      45.000000      45.000000      90.000000      90.000000
     90.00    -20.00      29.975880       0.000000       0.000000        12      11.0      12.0       0.244736     180.000000     360.000000      45.000000      45.000000      90.000000      90.000000
     90.00    -15.00      25.481911       0.000000       0.000000        12      11.0      12.0       0.244736     180.000000     360.000000      45.000000      45.000000      90.000000      90.000000
     90.00    -10.00      20.987940       0.000000       0.000000        12      11.0      12.0       0.244736     180.000000     360.000000      45.000000      45.000000      90.000000      90.000000
     90.00     -5.00      16.493971       0.000000       0.000000        12      11.0      12.0       0.244736     180.000000     360.000000      45.000000      45.000000      90.000000      90.000000
     90.00      0.00      12.000000       0.000000       0.000000        12      11.0      12.0       0.244736     180.000000     360.000000      45.000000      45.000000      90.000000      90.000000
     90.00      5.00       7.506030       0.000000       0.000000        12      11.0      12.0       0.244736     180.000000     360.000000      45.000000      45.000000      90.000000      90.000000
     90.00     10.00       3.012060       0.000000       0.000000        12      11.0      12.0       0.244736     180.000000     360.000000      45.000000      45.000000      90.000000      90.000000
    100.00    -20.00      29.975880       0.000000       0.000000        12      11.0      12.0       0.244736     180.000000     360.000000      45.000000      45.000000      90.000000      90.000000
    100.00    -15.00      25.481911       0.000000       0.000000        12      11.0      12.0       0.244736     180.000000     360.000000      45.000000      45.000000      90.000000      90.000000
    100.00    -10.00      20.987940       0.000000       0.000000        12      11.0      12.0       0.244736     180.000000     360.000000      45.000000      45.000000      90.000000      90.000000
    100.00     -5.00      16.493971       0.000000       0.000000        12      11.0      12.0       0.244736     180.000000     360.000000      45.000000      45.000000      90.000000      90.000000
    100.00      0.00      12.000000       0.000000       0.000000        12      11.0      12.0       0.244736     180.000000     360.000000      45.000000      45.000000      90.000000      90.000000
    100.00      5.00       7.506030       0.000000       0.000000        12      11.0      12.0       0.244736     180.000000     360.000000      45.000000      45.000000      90.000000      90.000000
    100.00     10.00       3.012060       0.000000       0.000000        12      11.0      12.0       0.244736     180.000000     360.000000      45.000000      45.000000      90.000000      90.000000
