      xloc      yloc          depth         ave SR         max SR         #     start       end     max SR all       strike 1       strike 2          dip 1          dip 2         rake 1         rake 2
    -60.00    -20.00      29.975880       0.030922       0.030922        21      20.0      21.0       0.244736     123.459999     216.500000      88.269997      29.639999     119.599998       3.500000
    -60.00    -15.00      25.481911       0.039844       0.039844        21      20.0      21.0       0.244736     202.009995     316.600006      13.410000      84.339996     -25.200001    -102.169998
    -60.00    -10.00      20.987940       0.039470       0.039470        21      20.0      21.0       0.244736     118.339996     208.679993      89.849998      24.280001     114.279999       0.380000
    -60.00     -5.00      16.493971       0.027286       0.027286        21      20.0      21.0       0.244736     282.450012     178.570007      81.970001      30.459999    -119.480003     -15.990000
    -60.00      0.00      12.000000       0.018876       0.018876        21      20.0      21.0       0.244736     157.729996     275.549988      43.730000      65.940002     -36.139999    -127.680000
    -60.00      5.00       7.506030       0.017236       0.017236        21      20.0      21.0       0.244736     139.570007     261.130005      46.450001      61.169998     -41.709999    -128.139999
    -60.00     10.00       3.012060       0.020694       0.020694        21      20.0      21.0       0.244736     126.629997     246.119995      47.650002      61.619999     -40.020000    -130.039993
    -50.00    -20.00      29.975880       0.024778       0.024778        21      20.0      21.0       0.244736     110.930000     208.000000      81.320000      51.119999     140.580002      11.180000
    -50.00    -15.00      25.481911       0.032173       0.032173        21      20.0      21.0       0.244736     100.750000     200.550003      75.459999      56.730000     145.470001      17.469999
    -50.00    -10.00      20.987940       0.028675       0.028675        21      20.0      21.0       0.244736     198.059998     296.170013      28.240000      85.669998      -9.180000    -117.930000
    -50.00     -5.00      16.493971       0.028285       0.028285        21      20.0      21.0       0.244736     104.370003     310.769989      17.540001      74.190002    -115.330002     -82.300003
    -50.00      0.00      12.000000       0.022955       0.022955        21      20.0      21.0       0.244736     102.089996     291.709991      39.740002      50.660000     -97.430000     -83.860001
    -50.00      5.00       7.506030       0.029143       0.029143        21      20.0      21.0       0.244736     119.279999     259.230011      51.880001      45.709999     -62.570000    -120.410004
    -50.00     10.00       3.012060       0.029577       0.029577        21      20.0      21.0       0.244736     109.209999     255.800003      49.770000      45.380001     -66.919998    -114.860001
    -40.00    -20.00      29.975880       0.021202       0.021202        21      20.0      21.0       0.244736     101.769997     212.779999      72.769997      40.869999     127.650002      26.920000
    -40.00    -15.00      25.481911       0.012649       0.012649        21      20.0      21.0       0.244736      92.019997     215.929993      38.330002      66.199997     139.399994      59.029999
    -40.00    -10.00      20.987940       0.018019       0.018019        21      20.0      21.0       0.244736      65.629997     276.029999      21.260000      71.449997      61.330002     100.570000
    -40.00     -5.00      16.493971       0.013848       0.013848        21      20.0      21.0       0.244736      81.419998     271.549988      22.389999      67.919998      80.620003      93.839996
    -40.00      0.00      12.000000       0.013648       0.013648        21      20.0      21.0       0.244736      90.709999     255.460007      82.779999       7.480000     -88.040001    -105.129997
    -40.00      5.00       7.506030       0.007784       0.007784        21      20.0      21.0       0.244736      98.110001     308.950012      71.570000      21.219999    -100.690002     -60.910000
    -40.00     10.00       3.012060       0.010117       0.010117        21      20.0      21.0       0.244736      56.959999     300.320007      54.759998      57.599998    -139.000000     -43.099998
    -30.00    -20.00      29.975880       0.000000       0.000000        21      20.0      21.0       0.244736     180.000000     360.000000      45.000000      45.000000      90.000000      90.000000
    -30.00    -15.00      25.481911       0.000000       0.000000        21      20.0      21.0       0.244736     180.000000     360.000000      45.000000      45.000000      90.000000      90.000000
    -30.00    -10.00      20.987940       0.000000       0.000000        21      20.0      21.0       0.244736     180.000000     360.000000      45.000000      45.000000      90.000000      90.000000
    -30.00     -5.00      16.493971       0.000000       0.000000        21      20.0      21.0       0.244736     180.000000     360.000000      45.000000      45.000000      90.000000      90.000000
    -30.00      0.00      12.000000       0.000000       0.000000        21      20.0      21.0       0.244736     180.000000     360.000000      45.000000      45.000000      90.000000      90.000000
    -30.00      5.00       7.506030       0.000000       0.000000        21      20.0      21.0       0.244736     180.000000     360.000000      45.000000      45.000000      90.000000      90.000000
    -30.00     10.00       3.012060       0.000000       0.000000        21      20.0      21.0       0.244736     180.000000     360.000000      45.000000      45.000000      90.000000      90.000000
    -20.00    -20.00      29.975880       0.000000       0.000000        21      20.0      21.0       0.244736     180.000000     360.000000      45.000000      45.000000      90.000000      90.000000
    -20.00    -15.00      25.481911       0.000000       0.000000        21      20.0      21.0       0.244736     180.000000     360.000000      45.000000      45.000000      90.000000      90.000000
    -20.00    -10.00      20.987940       0.000000       0.000000        21      20.0      21.0       0.244736     180.000000     360.000000      45.000000      45.000000      90.000000      90.000000
    -20.00     -5.00      16.493971       0.000000       0.000000        21      20.0      21.0       0.244736     180.000000     360.000000      45.000000      45.000000      90.000000      90.000000
    -20.00      0.00      12.000000       0.000000       0.000000        21      20.0      21.0       0.244736     180.000000     360.000000      45.000000      45.000000      90.000000      90.000000
    -20.00      5.00       7.506030       0.000000       0.000000        21      20.0      21.0       0.244736     180.000000     360.000000      45.000000      45.000000      90.000000      90.000000
    -20.00     10.00       3.012060       0.000000       0.000000        21      20.0      21.0       0.244736     180.000000     360.000000      45.000000      45.000000      90.000000      90.000000
    -10.00    -20.00      29.975880       0.000000       0.000000        21      20.0      21.0       0.244736     180.000000     360.000000      45.000000      45.000000      90.000000      90.000000
    -10.00    -15.00      25.481911       0.000000       0.000000        21      20.0      21.0       0.244736     180.000000     360.000000      45.000000      45.000000      90.000000      90.000000
    -10.00    -10.00      20.987940       0.000000       0.000000        21      20.0      21.0       0.244736     180.000000     360.000000      45.000000      45.000000      90.000000      90.000000
    -10.00     -5.00      16.493971       0.000000       0.000000        21      20.0      21.0       0.244736     180.000000     360.000000      45.000000      45.000000      90.000000      90.000000
    -10.00      0.00      12.000000       0.000000       0.000000        21      20.0      21.0       0.244736     180.000000     360.000000      45.000000      45.000000      90.000000      90.000000
    -10.00      5.00       7.506030       0.000000       0.000000        21      20.0      21.0       0.244736     180.000000     360.000000      45.000000      45.000000      90.000000      90.000000
    -10.00     10.00       3.012060       0.000000       0.000000        21      20.0      21.0       0.244736     180.000000     360.000000      45.000000      45.000000      90.000000      90.000000
      0.00    -20.00      29.975880       0.000000       0.000000        21      20.0      21.0       0.244736     180.000000     360.000000      45.000000      45.000000      90.000000      90.000000
      0.00    -15.00      25.481911       0.000000       0.000000        21      20.0      21.0       0.244736     180.000000     360.000000      45.000000      45.000000      90.000000      90.000000
      0.00    -10.00      20.987940       0.000000       0.000000        21      20.0      21.0       0.244736     180.000000     360.000000      45.000000      45.000000      90.000000      90.000000
      0.00     -5.00      16.493971       0.000000       0.000000        21      20.0      21.0       0.244736     180.000000     360.000000      45.000000      45.000000      90.000000      90.000000
      0.00      0.00      12.000000       0.000000       0.000000        21      20.0      21.0       0.244736     180.000000     360.000000      45.000000      45.000000      90.000000      90.000000
      0.00      5.00       7.506030       0.000000       0.000000        21      20.0      21.0       0.244736     180.000000     360.000000      45.000000      45.000000      90.000000      90.000000
      0.00     10.00       3.012060       0.000000       0.000000        21      20.0      21.0       0.244736     180.000000     360.000000      45.000000      45.000000      90.000000      90.000000
     10.00    -20.00      29.975880       0.000000       0.000000        21      20.0      21.0       0.244736     180.000000     360.000000      45.000000      45.000000      90.000000      90.000000
     10.00    -15.00      25.481911       0.000000       0.000000        21      20.0      21.0       0.244736     180.000000     360.000000      45.000000      45.000000      90.000000      90.000000
     10.00    -10.00      20.987940       0.000000       0.000000        21      20.0      21.0       0.244736     180.000000     360.000000      45.000000      45.000000      90.000000      90.000000
     10.00     -5.00      16.493971       0.000000       0.000000        21      20.0      21.0       0.244736     180.000000     360.000000      45.000000      45.000000      90.000000      90.000000
     10.00      0.00      12.000000       0.000000       0.000000        21      20.0      21.0       0.244736     180.000000     360.000000      45.000000      45.000000      90.000000      90.000000
     10.00      5.00       7.506030       0.000000       0.000000        21      20.0      21.0       0.244736     180.000000     360.000000      45.000000      45.000000      90.000000      90.000000
     10.00     10.00       3.012060       0.000000       0.000000        21      20.0      21.0       0.244736     180.000000     360.000000      45.000000      45.000000      90.000000      90.000000
     20.00    -20.00      29.975880       0.000000       0.000000        21      20.0      21.0       0.244736     180.000000     360.000000      45.000000      45.000000      90.000000      90.000000
     20.00    -15.00      25.481911       0.000000       0.000000        21      20.0      21.0       0.244736     180.000000     360.000000      45.000000      45.000000      90.000000      90.000000
     20.00    -10.00      20.987940       0.000000       0.000000        21      20.0      21.0       0.244736     180.000000     360.000000      45.000000      45.000000      90.000000      90.000000
     20.00     -5.00      16.493971       0.000000       0.000000        21      20.0      21.0       0.244736     180.000000     360.000000      45.000000      45.000000      90.000000      90.000000
     20.00      0.00      12.000000       0.000000       0.000000        21      20.0      21.0       0.244736     180.000000     360.000000      45.000000      45.000000      90.000000      90.000000
     20.00      5.00       7.506030       0.000000       0.000000        21      20.0      21.0       0.244736     180.000000     360.000000      45.000000      45.000000      90.000000      90.000000
     20.00     10.00       3.012060       0.000000       0.000000        21      20.0      21.0       0.244736     180.000000     360.000000      45.000000      45.000000      90.000000      90.000000
     30.00    -20.00      29.975880       0.000000       0.000000        21      20.0      21.0       0.244736     180.000000     360.000000      45.000000      45.000000      90.000000      90.000000
     30.00    -15.00      25.481911       0.000000       0.000000        21      20.0      21.0       0.244736     180.000000     360.000000      45.000000      45.000000      90.000000      90.000000
     30.00    -10.00      20.987940       0.000000       0.000000        21      20.0      21.0       0.244736     180.000000     360.000000      45.000000      45.000000      90.000000      90.000000
     30.00     -5.00      16.493971       0.000000       0.000000        21      20.0      21.0       0.244736     180.000000     360.000000      45.000000      45.000000      90.000000      90.000000
     30.00      0.00      12.000000       0.000000       0.000000        21      20.0      21.0       0.244736     180.000000     360.000000      45.000000      45.000000      90.000000      90.000000
     30.00      5.00       7.506030       0.000000       0.000000        21      20.0      21.0       0.244736     180.000000     360.000000      45.000000      45.000000      90.000000      90.000000
     30.00     10.00       3.012060       0.000000       0.000000        21      20.0      21.0       0.244736     180.000000     360.000000      45.000000      45.000000      90.000000      90.000000
     40.00    -20.00      29.975880       0.018115       0.018115        21      20.0      21.0       0.244736      77.000000     325.660004      36.160000      75.099998      25.830000     123.339996
     40.00    -15.00      25.481911       0.023125       0.023125        21      20.0      21.0       0.244736     164.190002      56.959999      86.580002      11.400000    -100.879997     -17.549999
     40.00    -10.00      20.987940       0.019748       0.019748        21      20.0      21.0       0.244736       6.570000     101.699997      21.520000      87.980003      -5.510000    -111.430000
     40.00     -5.00      16.493971       0.010847       0.010847        21      20.0      21.0       0.244736     126.519997     332.200012      51.180000      41.759998    -106.769997     -70.269997
     40.00      0.00      12.000000       0.015354       0.015354        21      20.0      21.0       0.244736     308.100006      42.470001      41.910000      86.089996     174.149994      48.240002
     40.00      5.00       7.506030       0.015317       0.015317        21      20.0      21.0       0.244736     306.019989      36.869999      51.509998      88.940002     178.639999      38.500000
     40.00     10.00       3.012060       0.014836       0.014836        21      20.0      21.0       0.244736     166.550003       0.670000      55.430000      35.389999     -98.120003     -78.419998
     50.00    -20.00      29.975880       0.029360       0.029360        21      20.0      21.0       0.244736     159.910004      61.660000      85.720001      27.510000    -117.199997      -9.290000
     50.00    -15.00      25.481911       0.045614       0.045614        21      20.0      21.0       0.244736     150.929993      39.639999      80.300003      25.209999    -113.379997     -23.299999
     50.00    -10.00      20.987940       0.063674       0.063674        21      20.0      21.0       0.244736     134.119995      24.490000      80.779999      25.799999    -114.199997     -21.610001
     50.00     -5.00      16.493971       0.066246       0.066246        21      20.0      21.0       0.244736     135.539993      39.509998      82.730003      50.509998    -140.130005      -9.440000
     50.00      0.00      12.000000       0.076365       0.076365        21      20.0      21.0       0.244736     312.290009      44.299999      83.919998      71.730003     161.619995       6.400000
     50.00      5.00       7.506030       0.082011       0.082011        21      20.0      21.0       0.244736     311.179993      42.439999      83.250000      79.510002     169.440002       6.870000
     50.00     10.00       3.012060       0.083670       0.083670        21      20.0      21.0       0.244736     310.010010      40.790001      85.239998      80.709999     170.669998       4.830000
     60.00    -20.00      29.975880       0.030910       0.030910        21      20.0      21.0       0.244736     331.519989      68.250000      80.620003      54.639999     144.089996      11.530000
     60.00    -15.00      25.481911       0.054884       0.054884        21      20.0      21.0       0.244736     158.190002      56.889999      80.650002      40.029999    -129.100006     -14.630000
     60.00    -10.00      20.987940       0.076385       0.076385        21      20.0      21.0       0.244736     147.770004      47.540001      79.230003      46.980000    -136.009995     -14.810000
     60.00     -5.00      16.493971       0.094519       0.094519        21      20.0      21.0       0.244736     137.300003      45.919998      87.169998      64.029999    -153.990005      -3.150000
     60.00      0.00      12.000000       0.113861       0.113861        21      20.0      21.0       0.244736     313.850006      44.779999      84.470001      80.470001     170.419998       5.610000
     60.00      5.00       7.506030       0.124025       0.124025        21      20.0      21.0       0.244736     312.989990      43.509998      81.480003      86.570000     176.529999       8.540000
     60.00     10.00       3.012060       0.127067       0.127067        21      20.0      21.0       0.244736     312.329987      42.389999      84.930000      89.279999     179.279999       5.070000
     70.00    -20.00      29.975880       0.029588       0.029588        21      20.0      21.0       0.244736     331.660004      63.630001      59.430000      86.669998     176.130005      30.620001
     70.00    -15.00      25.481911       0.053153       0.053153        21      20.0      21.0       0.244736     326.510010      59.980000      80.120003      70.860001     160.559998      10.470000
     70.00    -10.00      20.987940       0.080692       0.080692        21      20.0      21.0       0.244736     321.630005      52.220001      88.419998      69.580002     159.570007       1.690000
     70.00     -5.00      16.493971       0.111324       0.111324        21      20.0      21.0       0.244736     316.200012      47.099998      84.580002      80.610001     170.570007       5.490000
     70.00      0.00      12.000000       0.132081       0.132081        21      20.0      21.0       0.244736     314.339996      44.580002      82.440002      88.220001     178.210007       7.560000
     70.00      5.00       7.506030       0.141665       0.141665        21      20.0      21.0       0.244736     314.200012     223.710007      83.720001      85.529999    -175.500000      -6.300000
     70.00     10.00       3.012060       0.146094       0.146094        21      20.0      21.0       0.244736     313.690002     223.220001      85.550003      83.940002    -173.919998      -4.470000
     80.00    -20.00      29.975880       0.025327       0.025327        21      20.0      21.0       0.244736     327.570007     235.800003      70.570000      85.010002    -174.710007     -19.510000
     80.00    -15.00      25.481911       0.050338       0.050338        21      20.0      21.0       0.244736     324.790009     234.429993      79.839996      88.000000    -177.960007     -10.170000
     80.00    -10.00      20.987940       0.081031       0.081031        21      20.0      21.0       0.244736     319.660004     229.610001      86.489998      89.199997    -179.199997      -3.510000
     80.00     -5.00      16.493971       0.111660       0.111660        21      20.0      21.0       0.244736     316.859985     226.419998      82.550003      86.650002    -176.619995      -7.460000
     80.00      0.00      12.000000       0.131738       0.131738        21      20.0      21.0       0.244736     315.510010     224.440002      81.190002      83.139999    -173.059998      -8.880000
     80.00      5.00       7.506030       0.137620       0.137620        21      20.0      21.0       0.244736     314.980011     223.539993      82.529999      79.129997    -169.039993      -7.600000
     80.00     10.00       3.012060       0.137337       0.137337        21      20.0      21.0       0.244736     315.239990     223.740005      83.779999      76.470001    -166.389999      -6.400000
     90.00    -20.00      29.975880       0.023512       0.023512        21      20.0      21.0       0.244736     317.100006      47.570000      83.129997      86.129997     176.110001       6.880000
     90.00    -15.00      25.481911       0.050358       0.050358        21      20.0      21.0       0.244736     136.699997     230.419998      80.000000      69.760002     159.429993      10.660000
     90.00    -10.00      20.987940       0.073922       0.073922        21      20.0      21.0       0.244736     137.300003     228.729996      85.949997      70.559998     160.509995       4.290000
     90.00     -5.00      16.493971       0.095384       0.095384        21      20.0      21.0       0.244736     317.559998     225.699997      83.809998      73.279999    -163.179993      -6.460000
     90.00      0.00      12.000000       0.111268       0.111268        21      20.0      21.0       0.244736     317.570007     223.910004      77.739998      73.620003    -163.229996     -12.790000
     90.00      5.00       7.506030       0.111968       0.111968        21      20.0      21.0       0.244736     317.750000     222.559998      75.209999      71.080002    -160.410004     -15.660000
     90.00     10.00       3.012060       0.110161       0.110161        21      20.0      21.0       0.244736     318.209991     222.979996      77.089996      68.300003    -157.710007     -13.920000
    100.00    -20.00      29.975880       0.026202       0.026202        21      20.0      21.0       0.244736     121.050003     233.940002      58.570000      57.520000     140.990005      38.180000
    100.00    -15.00      25.481911       0.037851       0.037851        21      20.0      21.0       0.244736     127.489998     225.580002      69.169998      69.690002     158.199997      22.280001
    100.00    -10.00      20.987940       0.046858       0.046858        21      20.0      21.0       0.244736     136.240005     228.570007      86.239998      58.270000     148.199997       4.420000
    100.00     -5.00      16.493971       0.061712       0.061712        21      20.0      21.0       0.244736     319.959991     224.490005      81.620003      57.080002    -146.679993      -9.990000
    100.00      0.00      12.000000       0.071011       0.071011        21      20.0      21.0       0.244736     320.929993     222.179993      71.970001      64.940002    -153.550003     -19.980000
    100.00      5.00       7.506030       0.072129       0.072129        21      20.0      21.0       0.244736     321.899994     221.800003      67.860001      66.690002    -154.710007     -24.230000
    100.00     10.00       3.012060       0.066187       0.066187        21      20.0      21.0       0.244736     322.529999     220.690002      65.029999      66.220001    -153.589996     -27.469999
